@No.1 Gesture
-1.85743811552024
-0.72660975237025
-1.7364333557993
-0.631767778375117
-1.1600463116214
-0.358892385319226
0.586877807632121
-0.763752578679169
0.557221928250834
-1.41273029151689
0.545753944651126
-1.71410575520496
~
-1.85826591669971
-0.72753209606998
-1.73677810584079
-0.632982974218252
-1.16061993414056
-0.359315122265428
0.587450551704362
-0.764026284225031
0.558078675041035
-1.40645166882246
0.505965782901543
-1.61792337809919
~
-1.85799879840128
-0.727836069857925
-1.7365187054667
-0.634191808105101
-1.16078141978551
-0.359604732989356
0.587263989903662
-0.764519391086062
0.564240735476987
-1.40706452372622
0.512489049870657
-1.61856298316752
~
-1.8588048521452
-0.728872891890283
-1.73637683405949
-0.634402666616484
-1.16068856635378
-0.359545942319848
0.587736823568571
-0.765228630159903
0.563123600087932
-1.40866239133166
0.511721246316294
-1.62018296212909
~
-1.85873371562323
-0.72824965390431
-1.73588282957355
-0.633891064718582
-1.16014372048043
-0.358670893364077
0.587756161749504
-0.765621184936534
0.567455775317234
-1.3961787945661
0.516207223452549
-1.60771952044847
~
-1.85882603474226
-0.728246552829892
-1.73592692573697
-0.633196284721248
-1.15990370081707
-0.358622821954899
0.587176967658922
-0.764845551989891
0.568171085136342
-1.39540053609251
0.516969702191512
-1.60685116731687
~
-1.85852218879383
-0.726545653615917
-1.73716258752724
-0.631846911731384
-1.16034095940167
-0.358594676349597
0.586877985258832
-0.764765685319958
0.570699334280496
-1.39551627936937
0.519519127730842
-1.60692748258863
~
-1.85700725891052
-0.724621984263275
-1.73635746159191
-0.63059761410675
-1.15974427920795
-0.357909636071723
0.586656761256606
-0.764658752566178
0.568542040673449
-1.39460370743412
0.517431321152076
-1.60577738906976
~
-1.85851697396745
-0.724350055570327
-1.73880132823659
-0.629260468550224
-1.16113929517172
-0.357839954528186
0.58636502501932
-0.764357000204419
0.564772773616683
-1.42277020768321
0.51365926622932
-1.63399182430038
~
-1.85835207523606
-0.723532493921825
-1.73939176341811
-0.62939658883847
-1.1615998155348
-0.357892273414544
0.586715380827752
-0.763537601672748
0.561963860230832
-1.43478578512815
0.510861661109841
-1.64596584761187
~
-1.86016592585766
-0.72343919339704
-1.74118877203365
-0.628902344326895
-1.16269177204368
-0.357722327855802
0.586680498976812
-0.764144905009634
0.56633266904083
-1.40198726745251
0.515213445515419
-1.613242507158
~
-1.86166602399057
-0.723165159925461
-1.74252538979954
-0.627802250868133
-1.16332716587689
-0.357541153545303
0.586675183319014
-0.7639723032609
0.565843880490781
-1.3982592656771
0.51472667015892
-1.60950662662054
~
-1.86255586404892
-0.723089712884037
-1.74396338898715
-0.62766513451919
-1.16427739999874
-0.357551650014442
0.586852595221638
-0.763866949941752
0.560392300156766
-1.42889064689588
0.509264823698338
-1.64018196721975
~
-1.8619968421498
-0.721538144987446
-1.74353077085814
-0.6262736921691
-1.16420184186642
-0.356753017596713
0.584850888096774
-0.762089530952998
0.55672643474204
-1.43728439025654
0.505665322820234
-1.64830186840748
~
-1.86062321508787
-0.719850542089226
-1.74216961781337
-0.625965957061204
-1.16360447682342
-0.355690324589935
0.58438016754639
-0.761491162394699
0.560950379860788
-1.41570133028123
0.50993926020581
-1.62651251645099
~
-1.86046248610094
-0.719634883645385
-1.7410061030199
-0.626214634852567
-1.16279711421765
-0.355243818707491
0.5844786135165
-0.760900524431533
0.566599951162228
-1.39230989593976
0.515609329510543
-1.60303700287052
~
-1.86131373096887
-0.71950310425262
-1.74182047137192
-0.62658142187497
-1.1638374650393
-0.355069797430214
0.583622941100701
-0.760756751337296
0.556076331568214
-1.43491280368402
0.505104193362861
-1.64556362656087
~
-1.86127158589951
-0.720606228092596
-1.74170585973285
-0.627292079295989
-1.16377754011767
-0.355719587212627
0.584214822014908
-0.760722603077308
0.569482138743427
-1.39275540045254
0.51853253769064
-1.60331366758323
~
-1.86063429050287
-0.71961816467453
-1.74235520834977
-0.627331163460852
-1.16425512436363
-0.35612839961262
0.584828003464702
-0.762405854455013
0.565267232990261
-1.40419603800416
0.514338279697861
-1.61466882131285
~
-1.85899911378721
-0.718103065260716
-1.74090452196704
-0.626350803153795
-1.16350106669881
-0.355137166890445
0.582520690029793
-0.76423255616225
0.587247488517125
-1.39571328887393
0.536389100437761
-1.60589467862888
~
-1.85881793959951
-0.71719674580321
-1.74110196722253
-0.6260167594673
-1.16364123132941
-0.354643880546158
0.581816137979021
-0.765152953433509
0.585555536003874
-1.3969303553563
0.534707370867107
-1.60707014099988
~
-1.86058535336031
-0.720042342296435
-1.74003855259197
-0.626878546377332
-1.16318560845294
-0.354837118093383
0.582479342778309
-0.765820126913849
0.563602920625374
-1.41627335520436
0.512795145568383
-1.62624544178554
~
-1.85901180229533
-0.720322909521086
-1.73869367130842
-0.626921309526198
-1.16245092237651
-0.354757809217024
0.583013426359075
-0.764595476576416
0.578379382893149
-1.39464858946689
0.527632523119803
-1.60436895570711
~
-1.85925017692691
-0.722284255443222
-1.73857600985335
-0.627196355996882
-1.16260776191936
-0.355297109550781
0.581773772969636
-0.765313506649267
0.553480471850246
-1.42660323401118
0.502785225027701
-1.63611035318285
~
-1.85991444611169
-0.723555631245194
-1.73845448706533
-0.627565326629614
-1.16239205127865
-0.355426508913634
0.582442726939642
-0.764557849306299
0.553040505976389
-1.43098121721062
0.502352391832543
-1.64045893051267
~
-1.86022834613975
-0.724172970682318
-1.73885412460975
-0.628504673091985
-1.16260385239779
-0.35602821243987
0.582855247246612
-0.764548320173143
0.55693812092349
-1.40795094408031
0.506245354934198
-1.61744702379655
~
-1.86108494632787
-0.72658207395487
-1.73853063943762
-0.629342713557394
-1.16241506416558
-0.356411319796232
0.583248271631676
-0.765076808217621
0.553207726516847
-1.42875915139356
0.502529460310622
-1.63819541001297
~
-1.86167988323261
-0.727638418719957
-1.7383121694561
-0.629979946209335
-1.16220645754582
-0.356786311633539
0.583584847238852
-0.764853632674486
0.552737423973763
-1.43396887936237
0.502071070710913
-1.64335639645471
~
-1.86236394614953
-0.728429912676868
-1.73951422600427
-0.630841924355403
-1.16287275045282
-0.357628808185451
0.58374649307264
-0.763901800756373
0.552213400729262
-1.44141653789595
0.501528296315868
-1.65088097410302
~
-1.86321547314632
-0.727573076374707
-1.74198219153884
-0.632052052426992
-1.16400172231894
-0.358945516684956
0.585039349303873
-0.763269895164846
0.551417913664812
-1.44770625046908
0.500661251568565
-1.65746684169113
~
-1.86070567170584
-0.725296643169885
-1.74092223352216
-0.63051141999297
-1.16289243190849
-0.35832990755814
0.583754373088066
-0.763947218919851
0.571273279990415
-1.39532819667625
0.520564909696192
-1.6048894015583
~
-1.86094769422888
-0.72553494689371
-1.74275045006684
-0.631422510068012
-1.16403629569961
-0.359330803892485
0.584964264371476
-0.765208445208016
0.570946180023272
-1.39696186083822
0.520212601763657
-1.60662779594986
~
-1.85842830177351
-0.724904822951669
-1.74020193303697
-0.63057011207594
-1.16197290246657
-0.359198335219566
0.584489666105909
-0.764747336336748
0.569450537322351
-1.39580843968843
0.518796097755152
-1.60514617996164
~
----
@No.2 Gesture
-1.77467661783434
-1.27212193502115
-1.55083825535572
-1.05186701106062
-1.07870505390683
-0.562643550991254
0.622524598521319
-0.763612727514467
0.653499746445644
-1.43736218044833
0.645736325435985
-1.67023019570654
~
-1.77318190552765
-1.27592644950151
-1.55243791434643
-1.05279740514583
-1.07962569221656
-0.565589613702718
0.621584848457723
-0.766630859057602
0.652304649504819
-1.43948375419739
0.644843101479328
-1.67218128324456
~
-1.77259031208104
-1.2791476155322
-1.55291211344401
-1.05461363793735
-1.08193831542291
-0.566266393082073
0.620731867666911
-0.765122012363665
0.651871593891809
-1.43753391451576
0.643984712721513
-1.67018336783915
~
-1.7722528797198
-1.27768146846968
-1.55260042459081
-1.05336814835515
-1.08209762117456
-0.565465022261096
0.620354514744214
-0.763739009230141
0.651993396635201
-1.43553635562597
0.643677311766317
-1.66798576609321
~
-1.77367862552726
-1.27469549719517
-1.55298472924102
-1.05129883499194
-1.08265595605413
-0.563668337731056
0.620148118322582
-0.761812604780306
0.651959774587491
-1.43331658040873
0.644032996187063
-1.66568865500635
~
-1.77684046613646
-1.27611230160092
-1.55444924216586
-1.05249710298339
-1.08510940293136
-0.564322325441904
0.620357226553992
-0.761157083560468
0.653521302903143
-1.43243120701325
0.643895613787413
-1.66457393590697
~
-1.77552966241955
-1.27378004909594
-1.55276256188306
-1.05074898115235
-1.08349433069639
-0.562998441483936
0.620904158806751
-0.760588351515646
0.654093470265679
-1.43155851256891
0.644607444685048
-1.66383658048828
~
-1.77816219487376
-1.27367955543982
-1.55416448565948
-1.05153465666611
-1.08481867214766
-0.563636050202046
0.6214414230212
-0.760735209077391
0.654078035513868
-1.43184075099075
0.644671439440191
-1.6643392031905
~
-1.78175356626017
-1.27451911132177
-1.55708964065302
-1.0527450053531
-1.08763240651643
-0.564397622282817
0.621885896774383
-0.765793828944674
0.654325188896269
-1.4370880485527
0.645625934451448
-1.66999365595126
~
-1.77897550422582
-1.27231474827134
-1.5540220342892
-1.05192445470812
-1.08587880998769
-0.565043239220102
0.620182065135807
-0.764945801465839
0.652130025515759
-1.43435887937258
0.642999999635942
-1.66681945537747
~
-1.78241665415427
-1.26910523078943
-1.55420172916968
-1.05275372929682
-1.08612857251126
-0.566620934549551
0.619163361560467
-0.767064539007667
0.651403262592023
-1.43587229211954
0.642042728629823
-1.66824745921812
~
-1.78490453326538
-1.2672716517901
-1.5562912502088
-1.05116329830501
-1.08840396105156
-0.564597652213144
0.6183674586574
-0.763337046195529
0.650261347739503
-1.43239011342429
0.641376504882612
-1.6649508190566
~
-1.7831954337557
-1.26358362248967
-1.55528275955505
-1.04651918149451
-1.08619485352687
-0.561938238370819
0.617559590171612
-0.761151388401858
0.648751950483308
-1.42976431196127
0.639836506022543
-1.66223133488272
~
-1.78202721020219
-1.26170702843332
-1.55465206077203
-1.04476867282315
-1.08660682333317
-0.561080778110074
0.615349123356113
-0.758219805371519
0.646602565886445
-1.42557300397405
0.638038210059729
-1.65770914378413
~
-1.78220509616034
-1.2609042035928
-1.55503660823143
-1.04324089138049
-1.08571674476458
-0.560471142117782
0.615671294049452
-0.758345429153592
0.646181981455991
-1.42594832843214
0.638024758889484
-1.65840271450945
~
-1.78278929903698
-1.26094327824733
-1.55577637849048
-1.04298456672874
-1.08680309560585
-0.560060303707192
0.614962734485933
-0.759535620851648
0.645722941406689
-1.42693128014131
0.637693778223191
-1.6594688977306
~
-1.78093855519056
-1.26181142989141
-1.55588599731518
-1.04219207511584
-1.08546372239356
-0.560015808050836
0.613848003335696
-0.763844325464968
0.645573433780526
-1.43167410075003
0.637652208921166
-1.66455173013745
~
-1.78229944744023
-1.26134573238478
-1.55736111470691
-1.04137675890536
-1.0872329282795
-0.558556635819225
0.61371020612574
-0.760616157088074
0.64476805979987
-1.42876151936615
0.637395517470415
-1.66178583704542
~
-1.78077233253119
-1.26452371319515
-1.55784702283695
-1.04282259684218
-1.08828850492152
-0.559198175541509
0.614448309410536
-0.75946545472842
0.644913544597114
-1.42779008415267
0.637810470088053
-1.6610867525846
~
-1.78040947070593
-1.26462990017062
-1.55776871521711
-1.0425558177373
-1.08844474801817
-0.558687846288926
0.614105998314602
-0.758501076878889
0.644560823431691
-1.42682643600203
0.637472641570464
-1.66023756144038
~
-1.78171639454153
-1.26404926420445
-1.55791693275138
-1.04322868842846
-1.08877833863723
-0.559079215861018
0.614454921293418
-0.75743949693727
0.643548975629822
-1.42578488885368
0.637213631158801
-1.6594064134748
~
-1.78065769088691
-1.26482562059926
-1.55795445245612
-1.04217791487125
-1.08890823084653
-0.557485030383862
0.614619523454738
-0.755804068457952
0.643593430445292
-1.42448723663508
0.637276520730008
-1.65822490083729
~
-1.78055389218576
-1.26632295941181
-1.55851551702353
-1.04243929146131
-1.08959150603746
-0.55797447550944
0.61331535490474
-0.756829800546817
0.643556123285562
-1.42513568779809
0.637452661764913
-1.65894403158243
~
-1.77938321521566
-1.26562131404416
-1.55766287145616
-1.04166668834547
-1.08917164354945
-0.557094585684819
0.612185440522347
-0.754247278769776
0.642272360949839
-1.4223725796897
0.636869951370551
-1.65622618558636
~
-1.77726038342368
-1.26484543410546
-1.55509095343489
-1.04055252204927
-1.08536404880224
-0.557090699586814
0.612208421092358
-0.755529747045155
0.642606212331347
-1.42366149606436
0.636853363551667
-1.65758180676817
~
-1.77567442577106
-1.26556502374668
-1.55352933376807
-1.04146252062242
-1.08492896110392
-0.557980313913502
0.611649179758849
-0.755337326484669
0.641033992692308
-1.422743160168
0.636314771456011
-1.65652890879214
~
-1.77680044712653
-1.26609182038784
-1.55337376108574
-1.04367586321338
-1.08476305783575
-0.559983205995211
0.611832786133174
-0.755701028711525
0.641544855553356
-1.42310124157085
0.637333848225464
-1.65711564506942
~
-1.77299832795357
-1.27037606646022
-1.55084924460067
-1.04675674293884
-1.08332192104377
-0.562626039737522
0.611599008852732
-0.757779563964614
0.641129478195156
-1.4246029931308
0.636674369503142
-1.65851809188756
~
-1.77206252175378
-1.27356876399635
-1.55082176700012
-1.04863131173238
-1.08353237117574
-0.563981568465768
0.611850598287665
-0.758168835637351
0.641641271084898
-1.42508736550783
0.635361273728486
-1.65892850732415
~
-1.77225296305869
-1.27748020184408
-1.5515188926621
-1.050890813111
-1.0851261107368
-0.565286635995629
0.611735956218794
-0.757395403795185
0.642063702553866
-1.42428767455414
0.63610368908464
-1.65821294367578
~
-1.77323399635441
-1.28046609569329
-1.5521367589354
-1.05332101204085
-1.08525303703732
-0.566846726310675
0.613301089917705
-0.75869767220661
0.643265896821372
-1.42654876022695
0.637408979763616
-1.6607424223439
~
-1.776360102917
-1.27997794892043
-1.55252109212531
-1.05475709001561
-1.08554487369794
-0.568099619779487
0.612462469789282
-0.758224125578956
0.643545803913016
-1.42626383291953
0.638005974050182
-1.66059794515015
~
-1.78148457219746
-1.28332696843132
-1.55551910657189
-1.05864385963771
-1.08721300833291
-0.569964613797001
0.615854972334718
-0.759964352421293
0.64699805396953
-1.43030330492283
0.642730970173199
-1.66547972614483
~
----
@No.3 Gesture
-1.6250892438309
-1.20771063040971
-1.41771743161136
-0.937490663432209
-1.00495924131558
-0.482781586803856
0.613092819714667
-0.73560982406254
0.664687624928671
-1.35826756557707
0.666986994165504
-1.61344575911766
~
-1.62410237031908
-1.20770025221892
-1.41690673621846
-0.937102515777933
-1.00482788674629
-0.482203060551156
0.612909068586296
-0.734040810914401
0.664216995572045
-1.35647507428632
0.667248436843942
-1.61334719743904
~
-1.62384134534146
-1.20793206970163
-1.41687640157944
-0.936706235545105
-1.00455490179443
-0.481864215989698
0.61300933929035
-0.734513649524331
0.664434748194498
-1.35741707957432
0.667483300513849
-1.61467664069392
~
-1.62222294851444
-1.20809151740724
-1.41545568576224
-0.936567518307017
-1.00371200277467
-0.481530181857605
0.612887965062709
-0.73344427102612
0.664605509079304
-1.35690978468599
0.667983043597223
-1.61478197229628
~
-1.61979146932032
-1.20854516418848
-1.41417457121715
-0.935845329200491
-1.00267752184512
-0.480670422569733
0.613000103413365
-0.733578130672825
0.664758223670499
-1.35722118200262
0.668588762570496
-1.61534455678332
~
-1.62030304711524
-1.20851609229979
-1.41429828416842
-0.935684494152537
-1.00302131208056
-0.480306919254762
0.613093428249496
-0.733045392896775
0.665581713437282
-1.35638810714088
0.668985791018021
-1.61559869910745
~
-1.6209555708698
-1.20893427118592
-1.41483666150866
-0.935724453352661
-1.00341869129681
-0.480146824339964
0.613225249945032
-0.733145461425334
0.666488304160654
-1.35483332746877
0.669502665307988
-1.61654160699904
~
-1.62108897326144
-1.20878415476794
-1.41467598912303
-0.935487855735428
-1.00337703774262
-0.479947814016139
0.612717018868886
-0.733385793576197
0.666413715214351
-1.3555886110348
0.66949275043762
-1.61665581274492
~
-1.61963338388303
-1.21042553508709
-1.41535146888427
-0.935503486268441
-1.00372114653654
-0.479823921366688
0.612847004198138
-0.733688169353808
0.666784580681305
-1.35729456037739
0.669795332361902
-1.61757905898578
~
-1.62025738502409
-1.21002592430695
-1.41482573553879
-0.935534269753686
-1.0033615814796
-0.479645379172257
0.613187059935829
-0.733800112538052
0.666853931793105
-1.35755092031515
0.67004947999909
-1.61817097534422
~
-1.62025646725954
-1.20955593485484
-1.41423606048483
-0.935369109387278
-1.00285888291834
-0.479847927114796
0.612921503576696
-0.733608610691034
0.666583862848326
-1.35702060070723
0.669970026213791
-1.61747745486162
~
-1.61969285026129
-1.20906540522869
-1.41349546591111
-0.934779105038041
-1.00193236906353
-0.479579503658714
0.612688709578158
-0.73386557492411
0.666686200514648
-1.36046870638945
0.669982927597628
-1.6173283341713
~
-1.61959886586143
-1.20900119187088
-1.41336480829977
-0.934594841081145
-1.00166936657369
-0.479607984682766
0.612458116466169
-0.735121402997597
0.666219467575112
-1.36039650274699
0.669883770664474
-1.61774457978775
~
-1.61935680439309
-1.20886060570951
-1.41288871638861
-0.93450082722552
-1.00126677772374
-0.479711440198371
0.612365295055049
-0.734748707690626
0.665974146411497
-1.35922545125973
0.66973570295464
-1.61795777889628
~
-1.61640493597067
-1.21071403038902
-1.41246838351915
-0.934160915213827
-1.00115376319268
-0.479288566578655
0.612509978895717
-0.73431829369796
0.666081504012518
-1.35887781344864
0.669988907664769
-1.61771752760401
~
-1.61684104375114
-1.21080908481346
-1.41255426635237
-0.934161632523672
-1.00113493645524
-0.479316342268227
0.612619422238447
-0.734534398586269
0.66634452454095
-1.35905820052844
0.670336530927333
-1.61800779140321
~
-1.61939157326429
-1.21192498562412
-1.41438021040621
-0.935075129990678
-1.00257577353975
-0.479802537780833
0.612824527338348
-0.735078431386587
0.666561389248977
-1.35976030523241
0.670659072884562
-1.6198703923853
~
-1.61905050408066
-1.21124206850221
-1.41393361174916
-0.934607251557929
-1.00226330161955
-0.479549465855526
0.612694801135107
-0.734555356395395
0.666238313160777
-1.35631564761819
0.670065632837933
-1.61899012752074
~
-1.62082267522757
-1.21283981295049
-1.41554700945904
-0.935987546052098
-1.00356399432518
-0.481296247855905
0.612579719062392
-0.73482144159635
0.666311562741955
-1.35626748631328
0.670088741942194
-1.6187713637734
~
-1.62094790324031
-1.21244697806384
-1.41538638286048
-0.935648645115436
-1.0037362744107
-0.480881494781707
0.612380202988514
-0.734519188499857
0.666617718286997
-1.36475934000754
0.669823696923852
-1.61815447806462
~
-1.62147905931276
-1.21196469371028
-1.41510447874941
-0.93584116003522
-1.00395279930217
-0.481264586121989
0.61211521032818
-0.734026208755234
0.666136771722676
-1.3653025469103
0.669670444826334
-1.61725225619207
~
-1.62535709708265
-1.21176322707493
-1.41703498039446
-0.936797137790497
-1.00565239930925
-0.482056305861109
0.612481477100503
-0.734293923070025
0.666287577097633
-1.36335125416371
0.670029797089228
-1.61787836451791
~
-1.62749428679188
-1.21065300854435
-1.41759474289069
-0.936707703913685
-1.00559724086258
-0.482294042639491
0.613025380164225
-0.73463873918732
0.667264508791644
-1.3609571475325
0.670489019855148
-1.61834022131793
~
-1.62828589724093
-1.20961996966355
-1.41744003667588
-0.936301345452844
-1.00537205413608
-0.48214296672155
0.61306884623296
-0.734699779688212
0.666819270603363
-1.35902766149511
0.670518784607827
-1.61808050850137
~
-1.63219158915272
-1.2110497566154
-1.42071190697264
-0.937408216806457
-1.0078246526048
-0.482740559974076
0.613139065423651
-0.73632061426722
0.667375139541575
-1.36092460739346
0.671092653995
-1.62044890476613
~
-1.63284806799736
-1.2088455126485
-1.42051618551593
-0.936072350129814
-1.00702938352378
-0.482149219582711
0.613027429060257
-0.73595860471585
0.667222252632238
-1.36097127719046
0.671051387240589
-1.61968193109767
~
-1.63288872431793
-1.20755303134594
-1.41997351224902
-0.935273816525132
-1.00681479005478
-0.48147601745362
0.612682852389749
-0.735984769713755
0.666464102409459
-1.36045238133361
0.670260288606878
-1.61884565714392
~
-1.63347064620471
-1.20737834363128
-1.4201777364105
-0.935224821602448
-1.0070497615357
-0.481309696826863
0.612833283088654
-0.735974061351047
0.666651980204071
-1.36001126198711
0.67041602114475
-1.61909994723623
~
-1.63311033710438
-1.20571897487238
-1.41956952314204
-0.933969867855112
-1.00657827805683
-0.480614219040339
0.611878917735865
-0.736186228173352
0.665726068661157
-1.35990350877894
0.669811632647686
-1.61834692257456
~
-1.63474668792695
-1.20329007209656
-1.41999380026166
-0.932508532731139
-1.00618526232508
-0.480387578665662
0.611825234516819
-0.735676416584027
0.665617454563052
-1.35808085509866
0.669588551535639
-1.61803415279886
~
-1.63566752035431
-1.20260336419192
-1.42030988677229
-0.932039448089846
-1.00623161010309
-0.480317963348432
0.611795853469465
-0.735450868639426
0.665865779032101
-1.3581196302106
0.669733871354486
-1.61779359159855
~
-1.63621593971068
-1.20107418253085
-1.41982516603452
-0.931332443515376
-1.00583148998021
-0.480003149394197
0.611434658108471
-0.73521465607366
0.665510010462875
-1.35774414675772
0.669540036730233
-1.61704803977754
~
-1.63657734448422
-1.20061191696113
-1.42028185066404
-0.93060431005478
-1.00599617232584
-0.479937570052406
0.611001950155851
-0.735070850928026
0.664890753475465
-1.35742481338639
0.669041486528726
-1.61643736039033
~
----