No.1 Gesture
-1.42598783212652
1.08772720453846
-1.30245960334522
0.92289197965994
-0.964417051346794
0.457379260478599
1.01403045567756
0.449859541712922
1.37411465607462
0.872074823611411
1.52293475865638
1.03718772112165
~
-1.41519953602721
1.08799576046371
-1.30194561807218
0.923302022201509
-0.964087225233677
0.457759348353744
1.01386230689559
0.450377860545208
1.37483005879785
0.873084547742683
1.52257915541979
1.03763187689213
~
-1.41575047269777
1.08684820176097
-1.30181626401256
0.923091500424643
-0.963993975662626
0.457653326740879
1.01389582735019
0.45039783798318
1.37585815989033
0.874388334102549
1.52256592681922
1.0377406852934
~
-1.41478228285584
1.08592091318276
-1.30152216464476
0.922061841480143
-0.963503008428517
0.457372700941179
1.01354381326015
0.450259479818771
1.37493728575183
0.873581160267389
1.52163604554858
1.03705690205142
~
-1.41783537541631
1.08344729081079
-1.30211589854387
0.921199111862325
-0.963552295253414
0.457138008745913
1.01293642589622
0.45045456616889
1.37456689727485
0.873850010891029
1.52097184593911
1.03701833017722
~
-1.41813448673529
1.08216605702001
-1.3023981280268
0.920060347437489
-0.963600033459911
0.456410828029474
1.01291971141353
0.450618360400307
1.37441196207371
0.873902689907289
1.52038081899103
1.03674881567873
~
-1.41682726190331
1.07809128171086
-1.30293118575848
0.919464852734743
-0.963629518505731
0.45616808381755
1.0122207256146
0.449992393485096
1.37458825755264
0.874550509129307
1.52065786935654
1.0381686878042
~
-1.42125475107645
1.08264713048166
-1.3033684710286
0.919192803229825
-0.963787531295353
0.45601395771018
1.01213445196199
0.450354894641901
1.3740501002284
0.875213638298223
1.52094705866367
1.03895073994783
~
-1.42235236034231
1.08352856783025
-1.30343065598086
0.918253349788656
-0.963808812965068
0.455293114550913
1.0121518687272
0.450918226878142
1.37429609558307
0.875776867370181
1.52113683490574
1.03932474160511
~
-1.42758785740149
1.08652892436315
-1.30507433706382
0.916873531205122
-0.964342892495329
0.455083179423976
1.01146059161647
0.45048820863564
1.37296288700697
0.87469153767833
1.51984383656143
1.03792103502698
~
-1.43675738019816
1.08863327474677
-1.30672651446366
0.914512853300502
-0.964743668635183
0.453611892939646
1.01157105550902
0.45016148811758
1.3726509584047
0.874510046864812
1.51995265687924
1.03805457157143
~
-1.44490216679557
1.09328449331323
-1.30720664504968
0.911908876054153
-0.964903811671692
0.45164999891021
1.01104022513425
0.450054283819894
1.37203114577217
0.873257677626339
1.51931244169647
1.03739831296319
~
-1.44601051852791
1.09338903935165
-1.3076199368169
0.911456004268404
-0.965257976855708
0.451212181100216
1.01137765233904
0.450280250830366
1.37190374566802
0.87256707728154
1.51862572444324
1.03610327290359
~
-1.44465183644852
1.10793519222831
-1.30798885955061
0.911809802966325
-0.965591632998933
0.451733455747047
1.01114456936527
0.449917231049712
1.37221987179849
0.872877117471889
1.51872889086912
1.03614102839751
~
-1.4423481272492
1.10660625517229
-1.30674782199656
0.912868346240294
-0.965567230492719
0.451801447668927
1.0112822390187
0.449837054343314
1.37242946974095
0.872933111236436
1.51890267333586
1.03626426673403
~
-1.41765701560516
1.09462635531404
-1.30500160988894
0.913696621789002
-0.964712381174269
0.451724726895911
1.01138142108934
0.449807975441346
1.3724686068512
0.87293313470553
1.51940758494252
1.03703839964656
~
-1.42091008310146
1.09663838454063
-1.30448019454039
0.91447495677191
-0.96486092411358
0.45194613365229
1.01139560155857
0.448811590860902
1.3730196279985
0.871869216604964
1.5192104334755
1.03518724766581
~
-1.42135564184035
1.09474052189607
-1.30421043653105
0.914113472554578
-0.964666571878069
0.45177382639065
1.01158699487555
0.448881620210961
1.37258568104377
0.870155276013491
1.52200642933132
1.03589841646959
~
-1.42372673650894
1.09356231712823
-1.30375779766881
0.913279679581143
-0.964202628962691
0.451287097245788
1.01149397926091
0.448824538794221
1.37378103627023
0.870283654183003
1.53956702942603
1.03979702511675
~
-1.42497619940836
1.09207787315138
-1.30327512409382
0.91213484995938
-0.963781637972464
0.450133922844325
1.01164772495344
0.448335274078432
1.37476008532424
0.869521796973978
1.53791827384511
1.03830415732811
~
-1.42888888365219
1.09703861801938
-1.30228227357238
0.913194276213218
-0.963378086034987
0.450554742806506
1.01133945107348
0.44725414261151
1.37407838371629
0.868743401158103
1.55744000987063
1.05612408207283
~
-1.437588285069
1.111511328391
-1.30104261871404
0.91494260652586
-0.962996215837974
0.451685840947485
1.01161982690216
0.446889312078482
1.37340152636702
0.868326642198639
1.5562219525037
1.05446291590197
~
-1.45880524862935
1.14209411359653
-1.30470228069148
0.921475132820923
-0.962931830449473
0.452432673772433
1.01166949380141
0.447031561918377
1.4394616272011
0.923061601952345
1.56724049569897
1.06957725317653
~
-1.46162229356705
1.14234638751589
-1.30490688368483
0.923531604617134
-0.968227495568585
0.459044689181068
1.01161908679192
0.446437368419103
1.40065432576041
0.889423317180608
1.5432288573726
1.04851075194484
~
-1.46634214518337
1.14733908630945
-1.30825969138725
0.929156421445433
-0.971281784404164
0.464309347296731
1.01193907640619
0.446593296869367
1.39697151679993
0.884798757480587
1.53601748190095
1.04092014242009
~
-1.45951933664424
1.14923183998812
-1.30513285429542
0.927891294568305
-0.968866142649809
0.46212316577516
1.01240114472203
0.446803295380454
1.39516605774383
0.881816739835838
1.53527142195735
1.03992640475594
~
-1.41875074178394
1.11879777258358
-1.30245769864326
0.927724786780255
-0.967046815807303
0.461708039343911
1.01291555703963
0.446735263277318
1.39165681221999
0.877612037634368
1.53398697982974
1.0383986076687
~
-1.44654075741334
1.15666531399417
-1.30186587658195
0.928415223828693
-0.966066295050837
0.461324969006882
1.01242689659916
0.445903798926799
1.38732823263058
0.873224789181001
1.51547925629676
1.01670331674188
~
-1.45343623796251
1.15388230014281
-1.30267386093491
0.929572937347935
-0.965181322914143
0.461197291224507
1.01163480096962
0.445502507801226
1.38678139925031
0.873421931833848
1.51944525195225
1.02127250240956
~
-1.46134138129496
1.14803863131382
-1.30274707755917
0.929571959517622
-0.964734809524323
0.460300701001961
1.00978626851079
0.444887887382978
1.38414897529693
0.872231427641119
1.51890790457112
1.02286601318605
~
-1.45261405737258
1.13379087822598
-1.3034946102747
0.929758962346904
-0.963806764463713
0.459217502552889
1.00932408524146
0.444978410083726
1.38351706934601
0.872466541065139
1.51897405957129
1.02370125547174
~
-1.46544461817464
1.14615172155252
-1.3038414466822
0.930152081402379
-0.963449080610814
0.458682788691491
1.00866026448552
0.445131602506703
1.38249313005285
0.872455952160589
1.54485877020185
1.05327186947716
~
-1.45935909381459
1.14303366829297
-1.30510693292539
0.932015845460766
-0.963248560227048
0.458346355840561
1.00777342497379
0.444977824449869
1.3784731883855
0.869306864576808
1.53422349833485
1.04302338861454
~
----
No.2 Gesture
-1.37490378824588
1.67212478758343
-1.31230617821001
1.44471833753057
-0.919420689748022
0.688868089052505
0.960736289971384
0.58752664126035
1.37205897490141
1.29025638424576
1.52427953367775
1.47203728938951
~
-1.39265649202057
1.68651610675386
-1.3128656811419
1.44637419384105
-0.923355480676788
0.700593091722222
0.962040053694335
0.585442651526367
1.37567625522876
1.2910138086596
1.5301216472556
1.47123542684002
~
-1.32101467385848
1.6470961631205
-1.28886894586512
1.41357126733744
-0.91665647822936
0.685728038558848
0.949664815910587
0.573448228588055
1.364222373249
1.27770689329467
1.52149020719524
1.45654440197392
~
-1.4249610520232
1.69643375275603
-1.29473745146512
1.43056651799292
-0.913391797426729
0.68320813070546
0.950810335225821
0.573481050332806
1.36461352322506
1.27999673246455
1.52529559767777
1.45886953743604
~
-1.31850838280768
1.5983929209875
-1.25602062323309
1.37361150150046
-0.912796132445532
0.684225786579487
0.954964276933285
0.576266498680667
1.37021604176953
1.28657904323344
1.53478179829279
1.46713503259739
~
-1.31834783910969
1.55467758281972
-1.20317909353842
1.31385364702299
-0.912201585604375
0.683677301361191
0.956059957147779
0.576587765910072
1.37199736824476
1.28943744752965
1.53980023857201
1.47001214085573
~
-1.30061387843609
1.55742353447475
-1.14491261027636
1.27729012742589
-0.911669518744576
0.68372646341649
0.957146028285174
0.579204264340193
1.37397112072807
1.29344423369628
1.54038907483097
1.47269470428184
~
-1.32269076369459
1.56392324738384
-1.17889737173472
1.278123815131
-0.909454489790015
0.677028556918502
0.950357596540594
0.574795503589955
1.36463158489686
1.28581543491821
1.53173182536842
1.46532768889277
~
-1.28739791123322
1.48627392864686
-1.1797061263951
1.27588676050513
-0.908754703226347
0.673989263505539
0.948131860138322
0.57477325947837
1.36070117914516
1.28749006371899
1.5204277435511
1.4641776902217
~
-1.33822522574032
1.57538358236815
-1.18813942005372
1.29152892908153
-0.910584176275475
0.677139422092524
0.953501876556428
0.577475867574513
1.36792572194888
1.29935426136649
1.52849786433413
1.47274544851833
~
-1.30956541998901
1.5474106943665
-1.14760839657706
1.27051382319137
-0.909781861075761
0.676001427668732
0.956516692951631
0.580847274603951
1.37035790040228
1.3057648075672
1.53121260562369
1.47978251391258
~
-1.34269971914183
1.58380328176015
-1.19920213678424
1.31151192894077
-0.921629502734753
0.692156517093805
0.952848096534319
0.580360786652492
1.36644647774779
1.30755541576769
1.52194167774472
1.48654514324265
~
-1.34665401250558
1.5847040201029
-1.19454922816826
1.30069159304433
-0.921043361293163
0.691932963383055
0.956410950966414
0.583562570644153
1.37041070856535
1.31716543610519
1.52833911152712
1.49478045949849
~
-1.32494246671216
1.55601816257027
-1.19741356948437
1.30419983362173
-0.918265371769289
0.686725039664271
0.95585256806782
0.585007704164696
1.36899533855608
1.31951751115149
1.52807584304619
1.49601535941024
~
-1.32664285103734
1.5679962393953
-1.23993775285273
1.34896769957594
-0.914228478800372
0.673929501993324
0.942438091143343
0.574463087851632
1.3496220802545
1.30972263918911
1.50626900954116
1.48587782986771
~
-1.35819379993706
1.63346949630953
-1.28051478517042
1.4117461696779
-0.911966794159232
0.670665611136795
0.936680982428777
0.57230596942997
1.33945977025184
1.3045873357631
1.49582114383739
1.47939453098856
~
-1.36390261898346
1.64597279735563
-1.28331351330574
1.42575833649931
-0.918528427336317
0.682999258317408
0.936284169670342
0.57340916540118
1.33765717786963
1.30513603294896
1.49264071506176
1.48098659643885
~
-1.3842587739576
1.65812349281897
-1.29026366380732
1.44442575640679
-0.925039239147121
0.693941951012596
0.938556913416523
0.576043445586136
1.34027363993763
1.30896717536218
1.49598955075124
1.48463156359035
~
-1.37980145452785
1.66004098643642
-1.29045406076529
1.44390958568084
-0.920667803753444
0.684406697668038
0.938702556441238
0.578022934294522
1.33810976211766
1.31008404844907
1.49213224863659
1.48683506128428
~
-1.4035633990115
1.66383243724412
-1.29050827273258
1.4400922603064
-0.920042273296942
0.685729382057759
0.938179013647655
0.577977845241677
1.3364183328814
1.31060156076488
1.48943023231745
1.48808992669937
~
-1.37930845292978
1.6567735842979
-1.29091001894004
1.4422761378123
-0.918185641561968
0.682373492818198
0.939141114853395
0.580321751861529
1.33668556134654
1.31265134474916
1.48908092189258
1.49062832237441
~
-1.35680050203347
1.61104532339841
-1.25390582060331
1.39088238862724
-0.915034911364572
0.678335166280048
0.937076615037318
0.578891830633821
1.33411941713621
1.30875032126901
1.48522099031181
1.48695171294986
~
-1.37049138281304
1.6492870412549
-1.28057048337994
1.43425115821053
-0.913942171725236
0.674936423024082
0.936945327790283
0.579408706141149
1.3349416995022
1.310458615289
1.48619148269943
1.48864064889558
~
-1.33073306727637
1.6161369821402
-1.25551855286438
1.40128633276152
-0.912909926699179
0.672399958755445
0.935482132081752
0.579789612900698
1.32951491011237
1.30627202277615
1.48124612128741
1.48323331195762
~
-1.35328325818776
1.64270833487992
-1.27594876392421
1.42961429575331
-0.910262956890563
0.670802656235184
0.937001088904477
0.58271553510322
1.32961431015527
1.30329082236282
1.48101615987006
1.47993877533646
~
-1.33259612097809
1.60849641096189
-1.25362230867305
1.39025654167867
-0.909457266117531
0.671713608328819
0.938838009919115
0.585246612001134
1.33174994681147
1.30580513939818
1.4835596309135
1.48200465726963
~
-1.33016712738867
1.61288298284412
-1.25239242271128
1.39572849320084
-0.911004831522568
0.672442926430292
0.939454663288427
0.58572009104867
1.33368352648323
1.30691939607908
1.486904901079
1.48174910778501
~
-1.34235244750337
1.60152948450097
-1.24794767543151
1.38919649419361
-0.912316446920888
0.673996343692043
0.941070215630435
0.585204877618485
1.33612165125431
1.31024418376757
1.49026048799028
1.48448509858323
~
-1.35828413126029
1.60992684548183
-1.25041969811779
1.40182418930333
-0.91290052185117
0.681019133330243
0.953237880667261
0.596563573547592
1.34960701611313
1.32456217219527
1.5053569130296
1.49950613556747
~
-1.3409172542214
1.60455903227814
-1.2428415651253
1.39297941134266
-0.913714783657507
0.683180161230672
0.952884675968793
0.595767069211974
1.34974363369198
1.32460490227188
1.50469413831612
1.50016605632501
~
-1.36291259384109
1.60818659592434
-1.23679550877346
1.37907038763994
-0.910941073835648
0.673652064068273
0.941233185457601
0.586584426503622
1.33618695677347
1.3102885834163
1.49039934765136
1.4838693381547
~
-1.36556977953989
1.61214081319378
-1.23764245335219
1.38474500706905
-0.912484804644363
0.675893537448456
0.942344375068459
0.5884338723367
1.33840429464279
1.31405864630205
1.49362605849985
1.48721160855632
~
-1.36233928687767
1.60805313038646
-1.23768174697873
1.38515637274528
-0.912058927153751
0.6753520392741
0.941383933889345
0.588043517161075
1.33743975134967
1.31317094106042
1.48925031573045
1.48919022198673
~
----
No.3 Gesture
-1.47573525271918
1.0962678815331
-1.39190245854573
0.940883324911005
-0.945098034914861
0.375351339317797
0.917871221187982
0.42214211985884
1.24155665547307
0.878964967881063
1.33070833534174
0.992104627562635
~
-1.46388339044154
1.05578283511812
-1.32539893687194
0.865896079579625
-0.944210734957627
0.374811644498769
0.917610559915974
0.421791966714727
1.2412700294579
0.879452899579363
1.32881288234777
0.990255322733845
~
-1.47467670916231
1.09359523296011
-1.38571357639974
0.941510874015196
-0.941771491629592
0.372869721193273
0.918461916202353
0.421527489832071
1.24219507639663
0.880634919584321
1.33285032352435
0.997420732801934
~
-1.49213861556103
1.0951318325731
-1.35720635099542
0.902698977367888
-0.943066167196218
0.373598561201805
0.918435236481403
0.422232832563184
1.24222220510357
0.881297572198627
1.32997540428357
0.99571027281997
~
-1.45475835333215
1.04598900734342
-1.31637799855515
0.856518370291589
-0.942697928267599
0.373804838444406
0.918661534677187
0.421785508200004
1.24293277542265
0.881568395254979
1.32887589534356
0.994709055090231
~
-1.45271443114413
1.04284673475433
-1.31384138057374
0.853464200609682
-0.942804955871685
0.373424605457732
0.918433005880038
0.422018350124315
1.24261945343332
0.881803839027294
1.32650073638775
0.992669926317629
~
-1.47633765004187
1.08986626499413
-1.38468606104993
0.939138539682718
-0.942242021145824
0.372708682029872
0.875357338876072
0.436266551025872
1.243371899358
0.883869028577813
1.33255845150861
0.999581265397174
~
-1.47831251520405
1.08851931224414
-1.38493511819679
0.938849376552754
-0.943224699418064
0.371890859376537
0.897760807704162
0.428929498811379
1.24435508477719
0.883850590471391
1.32955517281768
0.994960882545887
~
-1.44423009070717
1.02758468156739
-1.30579417702827
0.837537864834876
-0.943549137813112
0.372299460559826
0.904449236045149
0.428061840338984
1.24480067698283
0.884346393927032
1.32735687525371
0.992218013715851
~
-1.47489902614539
1.09030042552084
-1.38476851268684
0.938547272641304
-0.9428144899605
0.37210804713221
0.90742261950545
0.427166049971371
1.24465391457786
0.883944802564475
1.32615428921333
0.990966346331094
~
-1.4881276322899
1.08852453873956
-1.3539339884743
0.894516039748191
-0.94276830991592
0.372511125325191
0.909896995094691
0.4262192224194
1.24596850937863
0.884608873555355
1.33541401417942
1.00178294787069
~
-1.47711638736584
1.09217297943036
-1.38602236513822
0.942236644609666
-0.944260919178543
0.372960541190898
0.911017715494994
0.425616729302922
1.24611400212714
0.886667789289124
1.33518435855425
1.00250606992551
~
-1.47768771964074
1.07490828730992
-1.3407903424991
0.88362693092147
-0.944461449160787
0.37318219403163
0.911843738205203
0.425582236644263
1.24647719300518
0.887259423474843
1.32803603350316
0.993479287060166
~
-1.47496531894564
1.09261593564987
-1.38572472387608
0.940207144426585
-0.943972576987603
0.372236085138338
0.91173589478356
0.423356365595655
1.24614891661142
0.887201997814429
1.32586669571243
0.991680742513891
~
-1.4759653545845
1.09113918401699
-1.38390632338009
0.940473946727732
-0.943828346944517
0.372797150487388
0.91151624180381
0.422353600876091
1.24592127538336
0.886877872591345
1.32481229117666
0.990249397487816
~
-1.47534362011687
1.08897872376209
-1.38247876208554
0.938970753405139
-0.943406600293669
0.371622333917992
0.911176406914015
0.421872497315819
1.24494700140057
0.886739554413835
1.32182118999175
0.988200479894884
~
-1.47633488251693
1.07311149788608
-1.34102293197073
0.879698654501976
-0.943548307296707
0.371696517266767
0.913337181492254
0.42291436750415
1.24605156044475
0.886787848780301
1.32089211301339
0.986799154504342
~
-1.48902331313692
1.09128983676179
-1.35322825338066
0.897233250154179
-0.944511581585117
0.3732796353792
0.916421283891787
0.423356537991307
1.25003210957659
0.889887789791831
1.32382787570167
0.988439010131473
~
-1.48007671616706
1.09229814611369
-1.38291377974406
0.94443365557367
-0.944583702529075
0.373326569263334
0.893131823780576
0.42506540320461
1.24926064978076
0.889833775926331
1.32306813713242
0.988657542153406
~
-1.45567785041898
1.04529467513287
-1.31835447360405
0.852841044303801
-0.943808508047761
0.37292319610941
0.886781843068043
0.426468161441898
1.2484151062245
0.889933510407336
1.32234665408896
0.988171593978045
~
-1.47782683240215
1.08818425712797
-1.37921536253362
0.941338564861419
-0.943065594352224
0.372529983057331
0.887091063342836
0.422919678377985
1.24791338452506
0.888956415578667
1.3211745681943
0.986676986428904
~
-1.48906479930926
1.0954697842222
-1.35191235112244
0.90278396466622
-0.943793115988177
0.372863500513241
0.866417271858411
0.425194450178934
1.24775959982891
0.88973145984646
1.32075401081241
0.986651899967026
~
-1.47748228413649
1.08946245026457
-1.37782109089816
0.943588167477277
-0.943441736501564
0.372677640049256
0.890472962966909
0.422268053180751
1.24740676083093
0.889511590972771
1.31972866881137
0.98598456076115
~
-1.47633902586451
1.09095908426748
-1.37955173126889
0.943195130656775
-0.944068296629931
0.37245663647088
0.875780026563955
0.422250181269284
1.24783662109444
0.88965416670643
1.31996646246354
0.985959552261334
~
-1.45508698386471
1.05455475627935
-1.31679710422723
0.863972247570149
-0.942915350615077
0.372607218310854
0.893991063684693
0.424623210239623
1.24683094023073
0.888398247288776
1.31750563323928
0.98298981928153
~
-1.47325576824409
1.09130842035934
-1.3796210723905
0.941458077213826
-0.942240212292372
0.372467137138517
0.901570184939336
0.425296609000796
1.24684589322126
0.889160939622925
1.31779434598303
0.983918991560271
~
-1.47892614842753
1.08787849188546
-1.34167508529781
0.895691118162684
-0.942311668803806
0.372628857252658
0.90463419375102
0.425510532700272
1.24690156032946
0.889178167974475
1.31716649376974
0.983401590598867
~
-1.46009284309493
1.06087097769352
-1.32252352552425
0.869115854528508
-0.943029306354172
0.37249415935179
0.90815278755545
0.424308729517706
1.24770273722261
0.890080266366149
1.31783790782361
0.984103178251085
~
-1.48006320162317
1.09016238013787
-1.34280835031973
0.897568334407911
-0.943688544918863
0.373677266323906
0.909240738289209
0.424833164895497
1.24793013284508
0.89065425603548
1.317796455199
0.984100344505217
~
-1.4597351108139
1.0602718385236
-1.32366401043743
0.866620320141502
-0.943567541513746
0.373666378729305
0.910152933313705
0.424420000642538
1.24790852238487
0.891629725867004
1.31727909792212
0.984449770739153
~
-1.47361728579241
1.09346332222797
-1.38068875760088
0.942620042121122
-0.943343122797964
0.373350486595072
0.911784866506683
0.425030434209151
1.24753661402077
0.891173790958399
1.31676358269035
0.983794181322981
~
-1.47317388801963
1.09429374183567
-1.38056565211004
0.943285522656403
-0.943272639439043
0.373706278000931
0.911795549107289
0.425070748235944
1.24765153279527
0.892357805455744
1.31678822189137
0.98466194957228
~
-1.44816033510895
1.04737746911731
-1.30964409217049
0.856310704085038
-0.94238841636825
0.37392017326331
0.912257515589587
0.424225602968204
1.24776871270265
0.892552784467699
1.31631345449021
0.984511692156247
~
----