No.1 Gesture
-0.868182569763674
-1.48162638310013
-0.823184724651152
-1.2893824190636
-0.949801211514074
-0.689255858310938
0.733999299990127
-0.03306373793818
0.43356451605955
0.165020295322416
0.36103165216702
0.224097363334492
~
-0.869790465904538
-1.4828889455982
-0.821083543101967
-1.29139506983527
-0.949802264723074
-0.692997406504428
0.733996174736745
-0.0341737893681917
0.433962591993935
0.163962286162676
0.360485224267071
0.223007147318361
~
-0.870723883198121
-1.48286931456838
-0.821632621439345
-1.29197511727574
-0.947551245211815
-0.693053881613858
0.734654206356714
-0.035794706607905
0.434029440007644
0.161864503696296
0.349448183472658
0.225382658164724
~
-0.871185931865302
-1.48366092122555
-0.823166951936853
-1.29290833026591
-0.949323827479515
-0.69392328819304
0.732796947072204
-0.0358028655810829
0.433294012241927
0.161714457431929
0.355363423116519
0.225067616929692
~
-0.870270811376628
-1.48387199952806
-0.823933341796955
-1.2927590771796
-0.950601256030774
-0.693313050392139
0.734464072704344
-0.0354792443063623
0.435808042488371
0.166844360306627
0.360381618864515
0.228607021543526
~
-0.872087151467786
-1.48690321653945
-0.825642332175896
-1.29541901369536
-0.950309675618771
-0.694150696797485
0.731263220172673
-0.0348376546125211
0.435097474837686
0.167053758111082
0.365354436945342
0.228230176957189
~
-0.870456609347895
-1.49225785529891
-0.826554060660973
-1.30103560307523
-0.949831641987389
-0.697982750853734
0.731911637676163
-0.0369422606708353
0.437142865845166
0.165171896841014
0.367539355475118
0.226748891197071
~
-0.870714216692105
-1.49298625373623
-0.827020373275137
-1.30145605451554
-0.95003940362877
-0.699311990199978
0.731663665343107
-0.0375822284480382
0.436107669797973
0.163049962361871
0.369017581986565
0.222920148041424
~
-0.872843351558311
-1.49535008650744
-0.830278355923314
-1.30381527645884
-0.947825438151129
-0.700443302659781
0.73470713876216
-0.0403013226071984
0.436954407405279
0.159732189686123
0.370862667595152
0.21978901648759
~
-0.87746972470827
-1.49797917937828
-0.830988925005137
-1.3056832882158
-0.949096271412046
-0.702458024373345
0.735579277396536
-0.0404883326036828
0.436898072470859
0.158450158577909
0.371482560651375
0.218957887564917
~
-0.88385999133979
-1.50284682057966
-0.83232445760926
-1.30890164283095
-0.95030120173028
-0.705236443935187
0.737205134270782
-0.0417764959710183
0.437894204169026
0.15698609978082
0.3722503575342
0.217801258253422
~
-0.885843634538496
-1.49811191839674
-0.833170530493303
-1.30428925391922
-0.94996831060809
-0.701290942536956
0.732142543766985
-0.0396041574506165
0.434746213203047
0.158595018498677
0.370819126094261
0.218569407306077
~
-0.893841947931672
-1.49502745638267
-0.832577028392278
-1.30201565027054
-0.949880410589332
-0.700438198817371
0.731354647902013
-0.0393923097990628
0.434357498518261
0.158249269203684
0.370987198612462
0.218361223556774
~
-0.897553947006939
-1.50087499364619
-0.83492836066261
-1.3075725511275
-0.951592579611523
-0.704342551615959
0.73272684087308
-0.0404314296132187
0.435477174196568
0.157341352760576
0.371816343225335
0.217612896297419
~
-0.896886880569174
-1.50061600988522
-0.835423567278174
-1.30745158913352
-0.951305809386136
-0.703956429563894
0.725589357104881
-0.0391253383925104
0.432339175314224
0.158279083154696
0.371963162411235
0.21738274745912
~
-0.886740409386831
-1.49876455469206
-0.835558916734109
-1.30621613650128
-0.950394417057147
-0.703381881854571
0.724676188597438
-0.03874424365105
0.432079853004206
0.158266598929307
0.372077151357199
0.217425103233871
~
-0.886446032248233
-1.49375432042055
-0.834088743901859
-1.30160860758032
-0.950000072068055
-0.700410862103212
0.722397675495847
-0.0383280968668151
0.430651585578311
0.157565960417828
0.370204018718348
0.217100179867467
~
-0.893239266665494
-1.49377985715407
-0.832963311134879
-1.30187015128592
-0.951542911280121
-0.70200120485002
0.72203603576578
-0.0394683054411247
0.430939509907009
0.156588602575299
0.370848045110224
0.216454192044959
~
-0.893403893505231
-1.49597858735555
-0.836242082213516
-1.30442495419117
-0.951456625293808
-0.703729873535675
0.722321073051224
-0.0403334824737908
0.430455046359627
0.155627273480454
0.369455667182424
0.215487197542035
~
-0.891950584552657
-1.49723371530119
-0.837577044401622
-1.30648165006124
-0.951842753861424
-0.705143503441192
0.721672287673019
-0.0405063922028783
0.430497309790157
0.155628858032704
0.370002644503318
0.215551199689922
~
-0.891397917635913
-1.50044172423277
-0.839333225700356
-1.30820294601822
-0.952003168522903
-0.705620240688035
0.722196416152275
-0.040722586194565
0.430979199134542
0.155379256594931
0.369600536320521
0.215424925023051
~
-0.837197458780332
-1.50150346179081
-0.840449736979386
-1.30757730625422
-0.948757382296223
-0.704236275278257
0.723508352061507
-0.0387470297535022
0.431430561685231
0.157315390254796
0.36900994183182
0.217610014197327
~
-0.851382480385612
-1.50258760319736
-0.839444423721208
-1.30606316991362
-0.945104227832586
-0.703889634594767
0.72320959224408
-0.0370619919792185
0.431152780096443
0.158548254618553
0.369022242320446
0.218742409462455
~
-0.872236156051377
-1.50783330500683
-0.843358058464855
-1.31083249578981
-0.948574794961548
-0.705482935009426
0.725852428445607
-0.0356685725104708
0.433050252592928
0.160090279372989
0.370105318006374
0.220848507980569
~
-0.871622410890596
-1.50901403880223
-0.845801975535748
-1.31310822897056
-0.947138230577203
-0.705709938130321
0.729623047802711
-0.0384433190584164
0.434449880157368
0.158150714647167
0.354845135438274
0.230518501261303
~
-0.883298579152237
-1.50913235253885
-0.845354747443968
-1.31064561077485
-0.948548537539244
-0.703664523596278
0.729208096152004
-0.0382490960413743
0.433901358055468
0.157639305589788
0.353524077769592
0.226516806618902
~
-0.884677059272014
-1.50808743887274
-0.845107769936878
-1.31012965567441
-0.948878701145153
-0.703908825450487
0.731071755933275
-0.0390255333259503
0.43484511896451
0.156631748128681
0.361944971466154
0.221328215778195
~
-0.891228538834938
-1.50591255113948
-0.845522439655613
-1.30897245979638
-0.949747942885638
-0.704283662110393
0.731423977171735
-0.0394003479014287
0.43506089602291
0.155936428526296
0.364439627733104
0.219664090390506
~
-0.896702426772447
-1.50417294721395
-0.844628590685055
-1.30747377960931
-0.949069323718336
-0.70395132867431
0.729771187329193
-0.039524662857403
0.43393474100931
0.155359537380782
0.364526447553631
0.218705560286865
~
-0.899426305051
-1.49909928088998
-0.840842742879571
-1.30390552930666
-0.950876766870603
-0.704178779398903
0.728663557489567
-0.0388139803234192
0.432664825745749
0.155132034361316
0.362439735507956
0.218390147324141
~
-0.903663871071625
-1.49557505822226
-0.841555424270269
-1.30180661556954
-0.948537685245614
-0.701964709550614
0.727674950438631
-0.0372057908329364
0.431773696257776
0.155881532889683
0.363173482041739
0.21812293074719
~
-0.901923661915939
-1.49399893132717
-0.840636425810414
-1.30014244262761
-0.949341141778216
-0.701760697127851
0.72787197323918
-0.0356672138115632
0.43194985709931
0.156926867657738
0.363204838361387
0.219294508731122
~
-0.896230988629792
-1.49445391057627
-0.840029804479954
-1.29925758502831
-0.950419447384363
-0.701981704935645
0.726202341496977
-0.0332686932790353
0.432034438713122
0.158627285891911
0.363905445092252
0.220230339791077
~
----
No.2 Gesture
-0.550792025689669
-1.3903960072539
-0.594157075635865
-1.18338065806304
-0.724252252684119
-0.562334637700105
0.554818811229935
-0.0909764402199392
0.281006809035928
-0.0255490591910584
0.189736123498149
-0.00373996846098489
~
-0.553041844963247
-1.39894353337744
-0.59792978338682
-1.19084817104938
-0.732593571201597
-0.566562111521128
0.55772140817841
-0.0898541537363932
0.280239967038972
-0.0241201269850806
0.187746144173845
-0.002208748126721
~
-0.550150962783939
-1.40120789770003
-0.595708885933462
-1.19341285922152
-0.732382627843452
-0.570027743785988
0.559460544281375
-0.0899827439719353
0.280692366783557
-0.0249133803643436
0.187769631771425
-0.00322355577704252
~
-0.552012318693562
-1.40576321171589
-0.597622271696294
-1.19715121758713
-0.734452130704489
-0.57131529040116
0.560982425618295
-0.0905441989091031
0.281318127377422
-0.0254784797177082
0.188096685430412
-0.00378994345412209
~
-0.55247250552837
-1.40772097581987
-0.597948135751573
-1.19893081216854
-0.734375054041309
-0.572560376454823
0.561953694682085
-0.0902931004027551
0.282224048056601
-0.0256308440482785
0.188980814101354
-0.00407675859678629
~
-0.554933346778404
-1.39995452605071
-0.600415106956963
-1.19130591035237
-0.736860359873954
-0.56536006325737
0.557525056570814
-0.0839445077222533
0.277929728263823
-0.0188094845473887
0.184731276288597
0.00290222666914625
~
-0.554266104408615
-1.39533090217257
-0.600795866298178
-1.18658916197105
-0.740385179619388
-0.560363941366501
0.555602550707076
-0.0820216885342183
0.278910328065742
-0.0154441537194501
0.186679577967791
0.00674832101544579
~
-0.552870737877452
-1.39456010708616
-0.599628690849663
-1.18611828465429
-0.739902577382495
-0.560792872591075
0.554250332711107
-0.0816947919932279
0.276799108798858
-0.0156177337474381
0.184315358289376
0.0064079523344919
~
-0.538929769256635
-1.38433874769944
-0.586507045015499
-1.17811596300022
-0.729238899673674
-0.55944760890257
0.55435274561793
-0.0854789688837399
0.278658565137944
-0.0199637186032511
0.186760504977949
0.00187473466568571
~
-0.539667028111929
-1.38349791301212
-0.587230662853586
-1.17743917480744
-0.729921594450254
-0.559262960193428
0.553317895897413
-0.0866511853649879
0.278487219963136
-0.0208015595611644
0.186876994651711
0.00114835220237365
~
-0.541847868388293
-1.38630980052134
-0.589475815079048
-1.18003756704056
-0.732359655151313
-0.561220894032654
0.555136089245792
-0.0872687443474822
0.279246503378473
-0.0217165977641167
0.187283289799749
0.000134154342906396
~
-0.541097941532939
-1.38543002866085
-0.589394122784912
-1.17931204069003
-0.734282666540832
-0.560958076777592
0.553808695802146
-0.0862066485347739
0.276983797658388
-0.0217347545314418
0.184708822467278
-0.000244123196997708
~
-0.539374994323504
-1.38079217142632
-0.587263060612892
-1.17516350628907
-0.730927232147761
-0.558277538210607
0.561532673760127
-0.0982025090129226
0.292757623424091
-0.0283681316429483
0.20316592175655
-0.00509000585295689
~
-0.540018812227222
-1.38054570345696
-0.587663801609157
-1.17487604104558
-0.730598797090888
-0.557867108483272
0.5540708453343
-0.0908522097556617
0.281532640481894
-0.0246326768857492
0.190686553973807
-0.00255946281454284
~
-0.542300155126107
-1.3831322697191
-0.589800571282566
-1.17702255613796
-0.732301847148449
-0.558693470187524
0.553509763818284
-0.0905273666320619
0.278353077563344
-0.0253194113812397
0.186634182145031
-0.00358346282630531
~
-0.544032929180546
-1.37766399857171
-0.590937474177784
-1.17221824922333
-0.731651109169497
-0.55588102850582
0.550319096862362
-0.0879081321533016
0.274953307038777
-0.0231325395860542
0.183164710430915
-0.00154067539697168
~
-0.546189799808016
-1.38222506210396
-0.593027518783915
-1.17619416072128
-0.733540703124792
-0.558101483986425
0.55152415771681
-0.0882900915301217
0.275475090287776
-0.0235420269010582
0.183458725340372
-0.00195930214046512
~
-0.544065759746298
-1.38352939636585
-0.591410100234685
-1.17752153738365
-0.733443094290791
-0.559497960437076
0.550197904689749
-0.086040905845393
0.273009121777449
-0.0223229733713576
0.180612851670332
-0.00108369909208158
~
-0.543823340062348
-1.38559353369858
-0.591839226790969
-1.17930364740003
-0.735886886976829
-0.560433988504375
0.548814764874355
-0.0842891574354294
0.270569247327351
-0.0208173745479013
0.17782074147835
0.00033992303635302
~
-0.536810418713712
-1.38188275809955
-0.585115971481433
-1.17644029718214
-0.730032629784597
-0.560112941795654
0.548241413475567
-0.0864197237143755
0.272187947164093
-0.0227237925756996
0.180170125060268
-0.00149181552947429
~
-0.535983996258469
-1.3859454544103
-0.584765653966861
-1.18025312566398
-0.731110627092035
-0.563176139425026
0.548897057349315
-0.0876860088384349
0.27195113939691
-0.0237260172604048
0.179635851691644
-0.00240598350999067
~
-0.53405942628305
-1.38417193138501
-0.582917131415725
-1.17883605580622
-0.729490219436369
-0.562828456447204
0.549502159351384
-0.086108275936899
0.271653260342393
-0.0222044265064609
0.17903694242114
-0.000903179866158861
~
-0.538770149075701
-1.38713013324571
-0.587932503645466
-1.18146858913018
-0.735419567354762
-0.564483956783576
0.548218063354976
-0.0845177587859316
0.266876357035693
-0.020915733902983
0.173095769982498
0.000284977618199711
~
-0.536490897336475
-1.38486161235735
-0.58624067712655
-1.17939350103242
-0.735490016496773
-0.562989167057632
0.543292945117227
-0.078900613253294
0.259376115337158
-0.0172808995532389
0.164737162972777
0.00325896859601502
~
-0.535694470338258
-1.39328822511947
-0.586098839852071
-1.18672183424311
-0.737311975842787
-0.567022743961873
0.548819644934353
-0.0789367419475892
0.262503519371167
-0.017517004304134
0.167064792550586
0.00295620497797934
~
-0.536416779550842
-1.3998445766785
-0.586162032979804
-1.19204412235031
-0.735397793266689
-0.568642786776683
0.54708322371981
-0.0802665061403108
0.261178245850845
-0.0185496917405413
0.165876595698168
0.00202254317813647
~
-0.536058405881797
-1.39911589880707
-0.586023200295083
-1.1913983688071
-0.735917556141991
-0.568245806200148
0.545378610364013
-0.0781541663800148
0.258869288301846
-0.0166683905402127
0.16336618094779
0.00382690459698711
~
-0.537172108420262
-1.4080225970583
-0.587752161545598
-1.19891049778705
-0.739492320921605
-0.571574199973329
0.54883740036214
-0.0780105163907971
0.260454212938038
-0.0157639876364313
0.16432648379667
0.00498489198516824
~
-0.532088517855946
-1.40412685854656
-0.582175779524334
-1.19617618994593
-0.732437537158557
-0.572324184144018
0.547016711125203
-0.0815638710523456
0.260860476434542
-0.019208816826441
0.165475046623695
0.00157623774344836
~
-0.533899342454189
-1.40472306392264
-0.584633281810423
-1.19639162598149
-0.73683507244044
-0.571397339596738
0.544814561717684
-0.0800806024119135
0.258570287356654
-0.0166279812414513
0.163155520090081
0.00452285589712069
~
-0.535044404146642
-1.40746048802478
-0.585376555298448
-1.19897603077258
-0.736373008753865
-0.573522659015981
0.544447126960294
-0.082632143707659
0.25815560455801
-0.0188696622866681
0.162725097090583
0.0023844616275538
~
-0.532194180834725
-1.40333057933472
-0.582466272198079
-1.19549576178655
-0.733282573607243
-0.571991363780229
0.542675563879611
-0.081709000936137
0.256899896372753
-0.0182363470875263
0.161641331430766
0.00292120419534389
~
-0.528909245390849
-1.39710060174554
-0.579461013907252
-1.1899523101066
-0.731116264904386
-0.56850743518978
0.541596393488851
-0.0789226100247672
0.256861090202763
-0.0151515652245007
0.161949322440733
0.00610541334087345
~
----
No.3 Gesture
-0.641616506683592
-1.09309864189576
-0.716813082812458
-0.917959760185139
-0.9424027670913
-0.392543070945529
0.422614690469482
0.106357668218263
0.410941529108063
0.14767159352981
0.395180152296461
0.201990337421766
~
-0.665344970839738
-1.26306474402208
-0.750048660014776
-1.06415558454319
-1.00415972753989
-0.46742805618854
0.596666303941059
0.0318909559215589
0.528647453021874
0.142132338877584
0.505737092759474
0.207032313839834
~
-0.667104703113676
-1.26402127872275
-0.75159325380223
-1.06458027758557
-1.00505890586789
-0.466257174239537
0.598313959341771
0.0316017286833802
0.530334033914659
0.142061250154517
0.506261518311223
0.20864619027628
~
-0.663880067343413
-1.26423068018502
-0.749123222886872
-1.06479663041797
-1.00485263956843
-0.466494431168002
0.612279664730584
0.0156941439848323
0.531118526545299
0.140870232222004
0.51184957049405
0.206688241754361
~
-0.679755736901543
-1.25614677642259
-0.761314005108512
-1.05864529022779
-1.00598880972942
-0.466140881690604
0.612544132935254
0.0243390442542124
0.538918350777725
0.141723272152595
0.500670805786701
0.211332864149269
~
-0.672576239573981
-1.26261284993492
-0.756181554126151
-1.0635998370083
-1.00699749778266
-0.46656079822842
0.613008431643619
0.0252392678457698
0.53499878017279
0.140387504166321
0.50727997697697
0.212338142381061
~
-0.640642199310563
-1.03262823246532
-0.713597192587245
-0.859359708822954
-0.932462128774109
-0.33955418153904
0.447074467182696
0.0927008716578907
0.416481293713625
0.179088451294116
0.401138750706674
0.241121563282026
~
-0.638656172179304
-1.03331330172813
-0.712125202264572
-0.859838705091655
-0.932532292520374
-0.339414915182219
0.446203681080533
0.0938740036329422
0.417590142870233
0.179869185023183
0.401936110509099
0.242293022939996
~
-0.675957805981412
-1.06624336009571
-0.740114824347156
-0.884557813612312
-0.932585835758554
-0.339501174162125
0.44804711902833
0.0943190517776811
0.419032297505808
0.179741810750959
0.387465218401928
0.249149254970786
~
-0.638232122239247
-1.03295877219791
-0.711884391251769
-0.859585318615689
-0.932841154576353
-0.339464914156026
0.449989063312562
0.0953424112498546
0.419790910004672
0.180913069061831
0.394542465300602
0.247141518289354
~
-0.677678450144486
-1.2847584559712
-0.763999365114712
-1.07886877361564
-1.02296216202594
-0.461199778549497
0.634068057890229
0.0429159768937077
0.552483249121002
0.197170203932272
0.556762842483132
0.236994618056542
~
-0.677523658911592
-1.2711209362689
-0.762553202297472
-1.0672367361175
-1.01764183245511
-0.455584084178628
0.624995275104995
0.0462469462546614
0.579190195953505
0.154229329730099
0.540481196145209
0.234701399438168
~
-0.677759301003375
-1.2658212539814
-0.762165002993399
-1.06262693376423
-1.01538200639181
-0.453044024398547
0.62159375526539
0.0491113596700358
0.571799319659296
0.155881272444418
0.537731836904019
0.231547048860503
~
-0.677328672946058
-1.26385557840822
-0.761588646194967
-1.06084641117027
-1.01436856594169
-0.451818755807806
0.622948820792023
0.0504391751579844
0.571082890293425
0.157386799031478
0.535450651970444
0.232980837293476
~
-0.689389860932676
-1.25784827419317
-0.770865042317877
-1.05610456983076
-1.01529063776955
-0.45087345674355
0.625755579166526
0.0522345007788376
0.573531414544769
0.160974053629229
0.537382205563124
0.234564516875704
~
-0.68756914081899
-1.25500270147135
-0.769214623046245
-1.0535046902866
-1.01415106972801
-0.449010707958705
0.625017051945703
0.0530870470017257
0.575163156163736
0.159603025679829
0.544241393178979
0.233418457519023
~
-0.679600231848161
-1.26716185186194
-0.763651260610089
-1.0628871224431
-1.01580429557136
-0.450062985511091
0.626295564883957
0.0522346021338857
0.580271023866153
0.156674038182482
0.54576893929883
0.233816735790606
~
-0.677033690675626
-1.22279846952007
-0.7573352350125
-1.02621289712126
-0.998239868023123
-0.43645627888408
0.591151461615407
0.0581973075269561
0.537670206869443
0.152857892425943
0.507912360622518
0.221600844778533
~
-0.678123930899353
-1.28114623438188
-0.763818139281902
-1.07445494522096
-1.020900712645
-0.454381129522745
0.637606561713368
0.0521449161170705
0.588945140318803
0.155336864160695
0.556398345107435
0.233795839142435
~
-0.675150658700496
-1.28236412267431
-0.761546124968306
-1.07525346761855
-1.02073257551051
-0.453921554190042
0.634121400858964
0.05090779277301
0.584475878836766
0.155802714642188
0.556048270824311
0.234295342617062
~
-0.673388643817808
-1.28596580717037
-0.76024262847643
-1.07831776738601
-1.0208045824523
-0.455373544429431
0.634325353743554
0.0494997381309504
0.558323888848895
0.194745905826471
0.55699595082402
0.235066269122868
~
-0.675063440963685
-1.29684991555678
-0.762675019096426
-1.08705121315451
-1.02550970123123
-0.457655210474524
0.641728837514847
0.0490835584565539
0.590743099557331
0.155239139396533
0.565052544185497
0.237854125348541
~
-0.675355443279928
-1.30059707349337
-0.763138838282657
-1.0904981478467
-1.02648907562305
-0.460201370906716
0.643094028016771
0.0470053588109382
0.591554136300303
0.153991113080271
0.565477942400393
0.235976100185244
~
-0.66968847090124
-1.27530253605574
-0.75580485808905
-1.06997081912705
-1.01415401965248
-0.453975719435276
0.626515519495948
0.0513408360760346
0.563727157432475
0.153607826840207
0.539559755048358
0.225996195878679
~
-0.672620995258164
-1.28261747957765
-0.758705312787557
-1.07652348173418
-1.01695826537574
-0.458241334071483
0.626575774507091
0.0456324031250186
0.569780135417965
0.150501695161146
0.544913306611058
0.225188752546384
~
-0.672241501485994
-1.28819783452457
-0.758895400096276
-1.08105876887413
-1.01885719911244
-0.459641571922819
0.63192021163715
0.0462073933728541
0.573905089669082
0.152134246478168
0.54916145575753
0.22629291848723
~
-0.677571249294919
-1.32645984170343
-0.76594049718465
-1.11492921888819
-1.03104829354667
-0.480337297749644
0.645343945748904
0.0262622644430896
0.596221265953613
0.137752072185668
0.561187594986104
0.225313960537441
~
-0.675200645117172
-1.32376790651783
-0.763602355713064
-1.11225223504695
-1.02880748750074
-0.47770522063431
0.643706805735737
0.0283508577305811
0.592348477092833
0.13306037148622
0.559657862038012
0.219330719643405
~
-0.665852627782684
-1.25898259321995
-0.750729176615249
-1.05614691904504
-1.00535877275366
-0.447639846161004
0.609118711599515
0.052783053891375
0.541845201041015
0.144439171324072
0.520309001764399
0.217095132794376
~
-0.667862994677961
-1.26159793253704
-0.751342786790964
-1.06030718990287
-1.00178216312997
-0.456435011914866
0.602006173492601
0.0353654871357957
0.531626847029433
0.130608484936184
0.509684872330713
0.19831628634578
~
-0.664802746849983
-1.23405726158265
-0.749090799180311
-1.02998185378471
-1.00195490565434
-0.41775547884
0.601419749050623
0.0661907304161969
0.556051275868544
0.162322736519117
0.527162950430095
0.244366623434361
~
-0.667689590808936
-1.26234570730722
-0.752323522875822
-1.05782079953033
-1.0062252685503
-0.444246025673487
0.617151155981929
0.0587390868334924
0.554265663267002
0.144682202808084
0.511180876105334
0.222105240252145
~
-0.679870193533199
-1.34285385051757
-0.770159184743406
-1.12368478183589
-1.04102615837403
-0.466177575790839
0.678406089322703
0.0494382132622778
0.626916103536415
0.165616147653767
0.586497149358923
0.249399658761568
~
----