No.1 Gesture
-0.669333727782745
-1.69598936750769
-0.691722708601173
-1.43994059895284
-0.667525602011072
-0.798444483063321
0.689845433309175
-0.643358648584176
0.355100136317235
-0.411998847902315
0.447763141782035
-0.42670924679559
~
-0.670509202334731
-1.69874974515002
-0.692617996828838
-1.44230642399146
-0.6689362296504
-0.799932280111329
0.683576694928964
-0.651675390194197
0.378286174528663
-0.363260492416243
0.447970124034901
-0.429092501470338
~
-0.669675968489535
-1.69903403757291
-0.692436397136092
-1.44255300295168
-0.668579757011608
-0.799700615637201
0.663261074126198
-0.685014733472503
0.344234091086653
-0.371933476042793
0.45028920578494
-0.427595937234885
~
-0.670024411317438
-1.69825527513665
-0.69311890486721
-1.4418729271402
-0.668328714875778
-0.799140901992018
0.66948390259945
-0.670624269292458
0.37934210081893
-0.349941978160145
0.450357847900072
-0.428432827226381
~
-0.670141768299863
-1.69541112316397
-0.692743834479396
-1.43937301070219
-0.668066304652949
-0.797494688672938
0.670887609588084
-0.669255428301481
0.33130855483335
-0.388198870547161
0.447611728891311
-0.424002173770877
~
-0.672307505247354
-1.70296060712121
-0.694569117822596
-1.44630372774309
-0.669704345817257
-0.802530127578899
0.676071960044941
-0.665596687759165
0.380566706069613
-0.359204002099856
0.448351894066759
-0.429486590689834
~
-0.671826012683322
-1.70036893140978
-0.693977374460859
-1.44431241584821
-0.668715071769173
-0.802089002067268
0.678743620263981
-0.659357419004256
0.36277837184586
-0.421995537993601
0.445482875669305
-0.42566230135682
~
-0.672835337386861
-1.69911750084688
-0.694266987212845
-1.443176605386
-0.669623610760802
-0.801212328075294
0.679638880479549
-0.655523862615435
0.371735049530885
-0.406858148099825
0.446575336448297
-0.418879287691645
~
-0.671475148695147
-1.69817220251964
-0.691919332715821
-1.44209941527886
-0.668945782420966
-0.800818486357464
0.709214485392283
-0.611474858213345
0.381674849912212
-0.404849752645706
0.44718510310138
-0.408908886404493
~
-0.671189411619071
-1.69724934832494
-0.691256867340394
-1.44113807486841
-0.668729149884383
-0.800518339835708
0.709384375432931
-0.616360795798189
0.360391161959753
-0.37711649927178
0.451972115854662
-0.388999292884151
~
-0.670142641859703
-1.6987798839005
-0.690203869497684
-1.44258470642524
-0.667795478320597
-0.801822059211638
0.706893449924765
-0.608330188967634
0.355350931134732
-0.340527410834225
0.452762129513561
-0.3550250826012
~
-0.669289347928842
-1.70212203494309
-0.688365239930478
-1.4453868044505
-0.666153035632804
-0.804091138920038
0.708793728849462
-0.599549863633271
0.349072326122484
-0.307606664887935
0.456740483639642
-0.330137950305122
~
-0.669417520976897
-1.71166097342145
-0.688646188548483
-1.45437750420962
-0.666617004785275
-0.811687418079373
0.713867648888064
-0.584014331807955
0.363575920264642
-0.253870754099488
0.454086468749791
-0.248759324437793
~
-0.669008254656832
-1.72293950425394
-0.688084057341984
-1.46426724426142
-0.666005902282348
-0.818202220162132
0.72429428412309
-0.566366401855875
0.361597282118229
-0.199703099741525
0.46461417288202
-0.204300200197557
~
-0.685416304550504
-1.89431742981826
-0.705960695066705
-1.60762533943269
-0.682436012023593
-0.891674371167805
0.845218870390636
-0.591327786180453
0.468719217235976
-0.11802159515546
0.568192995909408
-0.150933264052929
~
-0.695960092948796
-2.01608495968461
-0.717834989194344
-1.71263805701421
-0.692407732139913
-0.954650169903279
0.924296824407362
-0.624250878921565
0.554370441813939
-0.0985472566202719
0.605000875764153
-0.0222733944972506
~
-0.693743274491789
-2.02496545761875
-0.714371824533117
-1.72317181753318
-0.690129349843944
-0.96884616032106
0.925694246332593
-0.620218788383474
0.55455241869424
-0.0819768959127095
0.60007106806799
-0.0249354402897504
~
-0.693091478620744
-2.01766953277898
-0.710093567542128
-1.71715651653129
-0.68612995188399
-0.964979153951713
0.934835576153313
-0.583006278159795
0.570343524996869
-0.0100480812305897
0.601500453775343
0.024922085926371
~
-0.690159562097114
-2.01360320440299
-0.706912946995421
-1.71439423538605
-0.682407164994191
-0.965769814746605
0.927357712305373
-0.520132307514076
0.54654871354456
0.0583847804725239
0.594218574426289
0.0811782055769801
~
-0.684254531959931
-1.93197286621384
-0.70046728685006
-1.63987809841577
-0.677834737805853
-0.909185933860104
0.911309549981777
-0.502740917377665
0.578199519049013
0.0967009662392152
0.577556204564555
0.190028010705884
~
-0.683532320968993
-1.9176637255654
-0.701421222209641
-1.62805558613711
-0.676228240126289
-0.902459385365857
0.907826679885673
-0.501061166647579
0.603208781298148
0.117735992808854
0.565753387875284
0.2413719753993
~
-0.683762573137579
-1.89483521112738
-0.70148379393571
-1.60821342223845
-0.672421771150231
-0.888898669153255
0.898974749415405
-0.455586712172564
0.590459917219869
0.163787458974589
0.545211484291641
0.311910781931423
~
-0.682784434353583
-1.88573240828318
-0.701670846124058
-1.60114209052981
-0.670474064719581
-0.888049666690886
0.892259998122257
-0.42190878449976
0.595599142116128
0.210158378593523
0.533118444523083
0.333882396628023
~
-0.684382615773035
-1.8748310525724
-0.703250505345421
-1.59268161170725
-0.669809530692235
-0.884330300395328
0.892546960296276
-0.393244990893282
0.58597829094134
0.233489999445027
0.525279098711079
0.352104621353703
~
-0.683619140411717
-1.87653174581578
-0.703662055828232
-1.59489676234626
-0.671546161253382
-0.888886531818204
0.896638800709477
-0.364883275611996
0.581345821057431
0.263245818682532
0.519226422016697
0.381562500307263
~
-0.685037544041524
-1.87345344588808
-0.705405265391921
-1.59235271723473
-0.672547062259594
-0.887566488964651
0.905087961527258
-0.340299705580098
0.584631482039837
0.287498712035767
0.528560583900438
0.410516127619798
~
-0.685544354047862
-1.84702153362305
-0.705118118428136
-1.56891899077705
-0.672661721695816
-0.872299070482793
0.875266122755254
-0.264054931098683
0.580729166355809
0.386093230794541
0.528957726544097
0.499149909340856
~
-0.683709688376396
-1.79976439256606
-0.703201140174147
-1.52748377645742
-0.671863758363582
-0.845877959408052
0.824816209486504
-0.0163886366664369
0.43756526213856
0.573970063211051
0.50429331699242
0.603773743416056
~
-0.686194044291594
-1.79780975274922
-0.704497083683362
-1.52610541230919
-0.673250617555014
-0.846493171766209
0.820422737981314
0.00880836142689265
0.439287767798828
0.600787100964166
0.505664959610916
0.634828521888221
~
-0.6922125037269
-1.80208250923412
-0.708911223409864
-1.53008985585822
-0.676825262752586
-0.849134022116918
0.827145984007194
0.0420240733449027
0.444338997278539
0.634517970262791
0.505763317546077
0.674104565383121
~
-0.691121241512099
-1.80094582105746
-0.710382050691453
-1.52920179496967
-0.677153800302961
-0.848329774394364
0.830741449148648
0.0798498509276224
0.458835854088165
0.678867450901345
0.507574061117742
0.719615596288008
~
-0.691499412904738
-1.80494024802785
-0.712338183964614
-1.53332748624003
-0.678302768585352
-0.853129150706698
0.808185908835625
0.186753875708805
0.404683057380257
0.759721313849397
0.512177087357583
0.750647130386964
~
-0.709493269942439
-1.79393985652643
-0.720406911492692
-1.52078154286782
-0.684360943310194
-0.840120749412353
0.805687032325424
0.20593994767827
0.423775120315591
0.795927022587607
0.510153905701545
0.766017170174056
~
----
No.2 Gesture
-0.701053316662272
-1.64772041630253
-0.721326983835394
-1.43712546934379
-0.682528556101803
-0.758436325502125
0.700274917248952
-0.615016987776095
0.579319981542303
-0.820303088095801
0.587218042405982
-0.81013723504111
~
-0.700716563771078
-1.64533195642285
-0.72072478081199
-1.43503435233481
-0.681951947636827
-0.758623897682427
0.701362517544651
-0.614327372331591
0.573134048595031
-0.803225025393977
0.586971693414784
-0.810494409749596
~
-0.700765091951935
-1.64650185164354
-0.720276395135518
-1.43609422655758
-0.681644421786999
-0.75958986491424
0.704390710721967
-0.609660628390249
0.571617580154475
-0.798413500929017
0.591303217598873
-0.810182463809201
~
-0.699722225038844
-1.64809401661743
-0.718924748515403
-1.4376351705399
-0.681343848900622
-0.761670684406948
0.70892797051927
-0.606485514606483
0.577659674744563
-0.798822755829206
0.593356757711293
-0.811270556332061
~
-0.698671088942899
-1.64880606940568
-0.718596861493194
-1.43862606273246
-0.679812007416993
-0.762993704339537
0.716796110599553
-0.608997088277092
0.583111403801076
-0.791935881514676
0.595264937652106
-0.794431240012629
~
-0.696489819510783
-1.64621576688274
-0.716258852864487
-1.43624654481197
-0.678964319694535
-0.764542087031936
0.815016315793413
-0.664898909651923
0.591966542078859
-0.785965142847218
0.596171324759605
-0.755803116754156
~
-0.693213449268104
-1.64046284798492
-0.712223421939407
-1.43030682387038
-0.678560472440029
-0.764466016086357
0.803623343871669
-0.711918741056731
0.562372849181021
-0.785635832076244
0.59768547534499
-0.708006560439236
~
-0.688662228261488
-1.63683512568568
-0.708513955640877
-1.42659992189915
-0.676054710768135
-0.762417003630559
0.792705160396523
-0.749828866937448
0.562200051194606
-0.545226898826767
0.586131130089244
-0.597111537321534
~
-0.685267932824408
-1.63821262463145
-0.705781077040698
-1.42720101096485
-0.673774996224276
-0.761727966021277
0.785008632476058
-0.753753733755248
0.56486097757778
-0.542548741692189
0.594929581821052
-0.566958335312082
~
-0.685015456206651
-1.66197027797464
-0.706018228697445
-1.44806254461687
-0.675233041767711
-0.774417577229796
0.787996416085033
-0.757867460077581
0.587012815225873
-0.539272210373695
0.620462319730859
-0.511588546385917
~
-0.684303117363909
-1.67207010297601
-0.705024018145318
-1.45611750898058
-0.674906539215965
-0.780403725080992
0.789982650776326
-0.758176042984191
0.622899423523243
-0.499011908356073
0.639367161299184
-0.414335747512447
~
-0.684515336771138
-1.67696509453136
-0.705446094990864
-1.45975690074943
-0.675644677821939
-0.783435636212925
0.799895849680056
-0.707977779456924
0.641829212738618
-0.412936145318736
0.650617814927876
-0.288279358098018
~
-0.684833414547383
-1.67771706791893
-0.705576708955922
-1.45956115988662
-0.677232352899183
-0.784345582908866
0.822021378725342
-0.671093370708565
0.642879346538968
-0.322090513078404
0.664615489682532
-0.227872594838192
~
-0.685768368283461
-1.6810646486927
-0.706531913290835
-1.46192440482114
-0.678668575474488
-0.785995908096338
0.837464835617521
-0.641687649286423
0.688474056884053
-0.213838915147466
0.659366234693808
-0.0580765528315017
~
-0.686222220859659
-1.68003694856679
-0.70676770436784
-1.45989927228062
-0.679619626414279
-0.785298396375888
0.85215638726434
-0.589176995305754
0.683592686141763
-0.154177309184501
0.657987522578196
0.0140141864174843
~
-0.685421058904363
-1.66967151708222
-0.706189034753779
-1.44987640753252
-0.679138623285485
-0.778132971690023
0.855944695605621
-0.540586095446626
0.68601064794385
-0.081745305647802
0.648811945218337
0.0977474890537351
~
-0.682241998362539
-1.65000805896229
-0.70230882412264
-1.43189796778381
-0.676169807461868
-0.76699982937548
0.849899643968743
-0.489895310230109
0.676498530372591
-0.0140753294578929
0.636334978819754
0.164898901793905
~
-0.680057396254431
-1.63727564637874
-0.7004045589484
-1.41989077846736
-0.674300559876386
-0.759538602591492
0.852299725074797
-0.430352108140391
0.669856009434082
0.0609945277268955
0.628447745415781
0.285543233104191
~
-0.681167846712603
-1.63512095870808
-0.702505494438823
-1.41755825229234
-0.675753863434133
-0.755295889366162
0.861217029778286
-0.383341888762707
0.658946754137516
0.132712524009056
0.621983393431623
0.335921600396907
~
-0.681868521313846
-1.63083579019845
-0.703256588300196
-1.41324223733996
-0.676663321577568
-0.749055001805591
0.868156905341394
-0.337349757521534
0.64876638689841
0.18419998646939
0.616831698570639
0.38525297953145
~
-0.682090822053983
-1.63380669957762
-0.703509989101676
-1.4157845709284
-0.677211445522588
-0.74816909359327
0.8703168212428
-0.286596026795526
0.643258295346737
0.243457692871622
0.619129466662147
0.447834484416977
~
-0.683024666453388
-1.64027207829923
-0.704963076395253
-1.42092259092833
-0.678612095699304
-0.749956223454325
0.877260786503031
-0.250694884627572
0.657779986075157
0.300601380272524
0.617944266799169
0.526435374961774
~
-0.683873564264353
-1.6468877605299
-0.706458695153121
-1.42704608871978
-0.679364050021954
-0.751795744537897
0.877649042376511
-0.216842846836778
0.676574333887397
0.350742916952606
0.618990288158248
0.562820302104186
~
-0.683427209077132
-1.64905220059538
-0.705896902345568
-1.42909402137045
-0.678592793621973
-0.753387467794746
0.87646659100438
-0.199252484279422
0.670832008912131
0.36585364281417
0.619484866727849
0.603262833984982
~
-0.68451077463385
-1.65639795939715
-0.706889136352343
-1.43548405573223
-0.678718510060717
-0.752880220552713
0.877733678159199
-0.171053136744109
0.676678288040224
0.454508415327255
0.621370411398785
0.647345769283878
~
-0.685537014602449
-1.65917453264775
-0.708300397921485
-1.43811988718338
-0.680511180769556
-0.751677986494635
0.875684979738511
-0.151202297305709
0.654640600782947
0.475043362305707
0.621495199322103
0.665644698248428
~
-0.685997309694969
-1.66509016519052
-0.709391224865088
-1.44334882652724
-0.682678178709074
-0.748736158784807
0.882619453327057
-0.155800813578868
0.66904100329415
0.464690512289508
0.616891076013539
0.687083396249803
~
-0.686427506972403
-1.67914066355755
-0.711476391781063
-1.45676245987606
-0.683120667884005
-0.758656339317422
0.868410412251601
-0.0866504065514007
0.662941848720019
0.490982570165712
0.615213506919525
0.695658449157636
~
-0.686828082162426
-1.69029922815564
-0.714730856445812
-1.46727967465852
-0.68484328063528
-0.762351504209169
0.867707710211737
-0.0664226954376761
0.662013296627205
0.513111553645553
0.609283041134946
0.739577247526493
~
-0.685470281478854
-1.69302393147358
-0.714032361000218
-1.47027870684836
-0.685224197238086
-0.759294116769779
0.868182416663154
-0.0523578864728488
0.662200372100026
0.528618534528377
0.601216972334119
0.760996555885195
~
-0.685342481094293
-1.69740056675031
-0.713867460748459
-1.47441499707093
-0.687079649208737
-0.761836585213281
0.866846866823609
-0.0387442684103272
0.659978480672437
0.542529261106918
0.597969449680228
0.772471703740077
~
-0.685313868986228
-1.69976652785035
-0.714448386088969
-1.47659291846336
-0.687754236323536
-0.759390319718464
0.865173099435198
-0.0207891603002217
0.65869198806926
0.562364594592792
0.593893552625747
0.803326422652685
~
-0.685143074687085
-1.70699635506865
-0.715619688558804
-1.48329411725692
-0.687803556932451
-0.761881926512775
0.864889565517423
-0.00139115966752769
0.661343946769477
0.58550051486826
0.588158382487894
0.834482071623402
~
----
No.3 Gesture
-0.660293496372154
-1.6680854543724
-0.665376097476142
-1.45587965555002
-0.617071668567593
-0.81540170331983
0.522071427845464
-0.710017100834782
0.668806497944204
-0.566640717057547
0.678085213520779
-0.547857225982094
~
-0.660097227702305
-1.66675130527118
-0.665292503343211
-1.45521503109676
-0.616288736556179
-0.814843469232909
0.535166420768053
-0.705550515360433
0.668111821509756
-0.565049653376981
0.676375743655057
-0.542216092109064
~
-0.658056326166183
-1.66306748176172
-0.663368443528675
-1.45199719643761
-0.615012031176556
-0.812611696471133
0.614967930579584
-0.642852855517015
0.672693284124707
-0.555011110537695
0.67894211885924
-0.49981432054621
~
-0.656762673116275
-1.66351323767587
-0.662361559838295
-1.45225324303705
-0.613360412058563
-0.813627961811708
0.629437215975822
-0.638983184498243
0.689486901335939
-0.532063873757447
0.685240055349821
-0.419774527595945
~
-0.65573218837049
-1.66609664088549
-0.661658553848589
-1.45405885845847
-0.612660838941157
-0.815163776386169
0.666441131134332
-0.632652686308476
0.698985007304956
-0.496840708185213
0.687406226749234
-0.355215066243725
~
-0.65204234545825
-1.66406841206546
-0.658230328396193
-1.4523451245765
-0.609315281956349
-0.81467609428428
0.689734258787374
-0.614528190026372
0.686960252255069
-0.340710952846814
0.68454345423176
-0.292695558599224
~
-0.648442232076998
-1.66325479476318
-0.654255977698507
-1.45163161333763
-0.605133894709612
-0.814547276029967
0.72129263552927
-0.584657045024308
0.692636512482272
-0.294908390962776
0.679802842268709
-0.215123932634263
~
-0.644742379455979
-1.6635397537932
-0.650734731512111
-1.45180059879314
-0.601648858208719
-0.814950497283836
0.76505741908657
-0.603592359036208
0.676870042340365
-0.113935235250762
0.681153386418525
-0.126303152413867
~
-0.642911909713751
-1.66559306898692
-0.648886592143238
-1.45368749490333
-0.600305619354454
-0.816127704719051
0.821355772634753
-0.649089096871056
0.683734476156903
-0.102248966442226
0.686580964184906
-0.0351190570933235
~
-0.641778712290882
-1.66217139191562
-0.647759308364717
-1.45029164443145
-0.600226394327399
-0.81352869324073
0.84370582602312
-0.617699582100662
0.745971598332265
-0.13577235347499
0.695034523004907
0.0744950844611096
~
-0.639704702097935
-1.64777405947757
-0.645319587591395
-1.4366531545433
-0.599158841096342
-0.805766327816129
0.879275806404504
-0.56041792758319
0.735434054597571
-0.0792378585338038
0.689077260607566
0.161990742104541
~
-0.638160143792631
-1.63753379673076
-0.64374338268226
-1.42687631904776
-0.599229166537108
-0.800024861776873
0.898968394201526
-0.479901643440765
0.75195868796102
0.032273211140462
0.684378493290221
0.274588607879483
~
-0.637605250712051
-1.62935216694387
-0.642377656368004
-1.41891941454827
-0.599221385322738
-0.795468025934939
0.907177521205871
-0.424374485341262
0.76206245021073
0.143409924212169
0.685435387880345
0.353740219085714
~
-0.637217461119966
-1.62065828810568
-0.642672959191729
-1.41007893265781
-0.600109844176519
-0.78945012747834
0.914227683195945
-0.36777957812306
0.763790647531072
0.171564345084488
0.693437826049841
0.423339017690064
~
-0.636352972691643
-1.61551191174599
-0.642058499917943
-1.40428392407464
-0.600882869433815
-0.784873227652719
0.94205591674519
-0.326857691828973
0.772918914358148
0.233340032486039
0.699378959424841
0.478776294713972
~
-0.633803683768727
-1.61060738643168
-0.640098704000696
-1.39923269961552
-0.601166864364571
-0.781455752110965
0.966252951227202
-0.257483277661226
0.775677808342102
0.307729567296772
0.698130052879607
0.568839508972842
~
-0.632569372921548
-1.60533149493037
-0.638980148456245
-1.39418303297587
-0.602312692993264
-0.778243140634169
0.984512561908131
-0.203906824484135
0.743172112136899
0.541817873203484
0.692407991134874
0.622466371240328
~
-0.631801110074493
-1.6046500416672
-0.637846551385554
-1.39282130185782
-0.602764455492403
-0.77739919710307
0.988884490009624
-0.159233187677966
0.74544370266597
0.551214802205827
0.697063821535523
0.675421786491223
~
-0.630247538017903
-1.60700157421382
-0.636993184017466
-1.39429466295995
-0.603645501012959
-0.777868829241036
0.989940338658815
-0.0958520980639505
0.756802724460979
0.588063395772844
0.707684188921797
0.749626898539745
~
-0.629463992890048
-1.61180697975582
-0.636931667475228
-1.39820674292266
-0.604227476241876
-0.780604317426346
0.990689016577656
-0.0308971299462352
0.769622404811316
0.631671996817336
0.713149004031104
0.814957557418889
~
-0.629121964070116
-1.62034119844877
-0.636689301405772
-1.40540138849033
-0.604099792763293
-0.786216037755323
0.987298102056934
0.0336667525052543
0.78551870683103
0.667324596454103
0.719346333219905
0.877634100467652
~
-0.62915697736946
-1.62555336327906
-0.636837319176455
-1.40948649090592
-0.604054288908481
-0.789577050542878
0.98150730444948
0.0794373344340244
0.798014404637353
0.699533936238149
0.724432076906408
0.926794162869876
~
-0.628801611407771
-1.63475992200912
-0.636405258665831
-1.4173167863098
-0.60407147321133
-0.795751966727596
0.987830174256692
0.112920153718996
0.8115426132001
0.732986333432387
0.7393764284189
0.963858852569415
~
-0.62952563730234
-1.64758502217129
-0.636742534554505
-1.42821049372098
-0.604306119367505
-0.803946713227545
0.988749635701756
0.153614210514226
0.824529979642919
0.767459455432476
0.761552054570195
0.973288038304048
~
-0.630591998697707
-1.65934711152979
-0.637237016472732
-1.43865569544999
-0.604560678278663
-0.812401802004091
0.953013434089141
0.270371342791678
0.818282913759863
0.853290962186236
0.760123877784557
1.06212352478311
~
-0.632035806936762
-1.66387471324328
-0.637371439891355
-1.44241990220456
-0.60447472952803
-0.815942902625746
0.944184670413692
0.296072209259238
0.829041718944818
0.887315597978052
0.77357670534647
1.05252345178804
~
-0.633434882272955
-1.67140007526195
-0.638056579545999
-1.44918517116482
-0.604986712653634
-0.821406131963033
0.940220983957419
0.313812906288393
0.830563088779399
0.906014634480326
0.778815472693889
1.06264768598535
~
-0.6345941682494
-1.6752526438357
-0.639357680439909
-1.45278501165743
-0.605628115428959
-0.824977493729328
0.933050585483621
0.332496252527844
0.828253660488042
0.925222186332832
0.780712831577262
1.06636429879424
~
-0.638528220994047
-1.6764660130484
-0.642076811858171
-1.45328004524893
-0.606340975257851
-0.826001221137776
0.928329193243608
0.342428527849622
0.82606407855581
0.934938253868603
0.780219524859045
1.0688908870927
~
-0.639144755554013
-1.67876341197314
-0.643188791034991
-1.45515783933187
-0.606027737666062
-0.828356071425792
0.92761955832147
0.344621236969814
0.825103827494045
0.937591806073473
0.780520605413473
1.06888162073383
~
-0.638555705997321
-1.67933595843013
-0.643434036743248
-1.45547391736375
-0.606185868801364
-0.828704358405056
0.927266609297988
0.34603728995893
0.82522711420195
0.939306576206921
0.781224199042497
1.06993954628406
~
-0.639455299434379
-1.68063640857348
-0.644387702151379
-1.45639690339613
-0.606607640124352
-0.829514544353295
0.927131689523076
0.346510326580989
0.826390444335785
0.940491671564142
0.782376364365875
1.0708319744654
~
-0.640515784058253
-1.68267381478777
-0.645884584914044
-1.45783705103684
-0.607080746447569
-0.830957230756376
0.927944379334342
0.345424584134144
0.828240793061765
0.939668320331842
0.784573697507957
1.07116680817147
~
----