@Right hand swipe left
-0.69847786547992
-1.82952698839697
-0.710717734271433
-1.50043285633443
-0.679031053565647
-0.810000832970733
0.65681365583565
-0.798135933806859
0.664882222715684
-1.4900599510151
0.670456681581437
-1.64579868033824
~
-0.697675291697709
-1.82856243719228
-0.709787873139005
-1.50059049118594
-0.67892721488385
-0.809943333818366
0.656170298187899
-0.800546625427382
0.664099225916558
-1.49270474171249
0.670204620001879
-1.64491836224455
~
-0.693618192744595
-1.82876696610229
-0.70935091012564
-1.50204210479255
-0.678449380715651
-0.811335694106017
0.655959873048228
-0.80053605085355
0.65891259142127
-1.49288287681551
0.666662840091137
-1.61710191557549
~
-0.68935696031186
-1.82701760122184
-0.70744329468704
-1.50169632074806
-0.677918308189783
-0.811147517719796
0.654711842203703
-0.800233892351271
0.658541199559514
-1.49199008676929
0.666426462464576
-1.60994263483297
~
-0.68476663577575
-1.82534741492485
-0.704979078950461
-1.50109036617442
-0.677678674085632
-0.810060412127324
0.655686454383346
-0.799438367728922
0.656589737743005
-1.49055865906957
0.665243598107366
-1.59786637530861
~
-0.674219892433179
-1.82792831179332
-0.686539404792787
-1.50256406292404
-0.677228063138524
-0.809739768603125
0.657021014996902
-0.796389650203557
0.657477267512137
-1.48622275419948
0.667762595270569
-1.56428590856136
~
-0.675191219700455
-1.82873651926839
-0.689680625978431
-1.50221846443219
-0.676604660740654
-0.809594220237186
0.659775992484811
-0.786219341570115
0.662537461130473
-1.47157616324856
0.674105041183612
-1.52392886862088
~
-0.677109014094683
-1.829233114048
-0.692925715281083
-1.50257351629627
-0.676757147455643
-0.81020904394677
0.66232066341046
-0.78142691750904
0.6662028588562
-1.45418208433416
0.674062061495201
-1.47806178356298
~
-0.680362603627318
-1.83098757682456
-0.696466040178074
-1.50283073053826
-0.676449743904503
-0.810637560592353
0.665169926445035
-0.771770783075713
0.6772469994965
-1.41901515740515
0.692651996101087
-1.41911916797548
~
-0.682353303607847
-1.83061423156927
-0.699853992666596
-1.50353054849332
-0.676013181012872
-0.811984661657731
0.667751863031909
-0.754356368160172
0.681731862937003
-1.3693632307521
0.702553980537762
-1.34449337284438
~
-0.675548019142432
-1.66837622125933
-0.710741420366811
-1.50514729762375
-0.675670617984656
-0.813481445321303
0.668957138848023
-0.72964184142252
0.697687599057623
-1.28668118311758
0.714696708620404
-1.26323189000616
~
-0.676033174645807
-1.66928352599532
-0.710231950007397
-1.50530572322394
-0.674706073518963
-0.814229740620058
0.671610528687927
-0.691907001651457
0.717524765517823
-1.19786107730446
0.728183057654449
-1.17367700026118
~
-0.690015752625244
-1.83151745602241
-0.715203163029177
-1.50567127701115
-0.674176683097349
-0.816968818155851
0.682831495365653
-0.657523331209602
0.739581576676054
-1.0982360758715
0.744038413789476
-1.07431396652529
~
-0.690237550790576
-1.83225103168568
-0.714848965230074
-1.50680365396824
-0.673355719802242
-0.818779208834214
0.697858382542948
-0.644879673244396
0.74923761507218
-1.01332773597224
0.774924860229986
-1.11372610694426
~
-0.675907565435707
-1.67811446217237
-0.705173610434334
-1.50938178896303
-0.673119929052361
-0.820052849880653
0.707611273907961
-0.641102980292214
0.759464471866064
-0.899147445554798
0.779238536735635
-0.864809046316246
~
-0.68874887354785
-1.82990779643714
-0.713906297005917
-1.50614560092401
-0.673197504148238
-0.819919754941996
0.709616654191234
-0.641674330105624
0.761296507075044
-0.76819865138351
0.798848723632469
-0.765391896099195
~
-0.675694024416116
-1.67967312334662
-0.70902604145252
-1.5041435643756
-0.672129753032392
-0.818632697866069
0.723446548495603
-0.63659441861654
0.727457218785831
-0.736501679727335
0.802722896290573
-0.673356443618013
~
-0.688722855033966
-1.81442076772924
-0.717600263770811
-1.49453960213269
-0.670206709315844
-0.814654640748608
0.697536642151559
-0.64206772408328
0.794475648154556
-0.662905531521788
0.817352467382563
-0.542095482583641
~
-0.688468639109301
-1.8060738512102
-0.716435600621305
-1.48752220058727
-0.668735481508862
-0.811479401029421
0.692998842654559
-0.639791117438356
0.824961133661385
-0.625452225186654
0.824679494403477
-0.468509474822475
~
-0.672435874343515
-1.67212681259902
-0.706306015307915
-1.48750644733174
-0.668196803082699
-0.810901116890839
0.716627752035381
-0.617991262377587
0.848163635746391
-0.474995350938376
0.830778905894089
-0.314678665965694
~
-0.682353294037837
-1.80951077270531
-0.707415305236037
-1.4889037903005
-0.669741206645161
-0.812804797487206
0.776025258213599
-0.528981355617292
0.886558034338554
-0.358118123585128
0.836505478409963
-0.250213998635598
~
-0.684211621568286
-1.81050288180492
-0.707561289984197
-1.48998923591801
-0.670042089654177
-0.814004831896846
0.820464496139487
-0.467945990620896
0.88670426595092
-0.203768483021138
0.837746747006862
-0.115452778882335
~
-0.685389344297882
-1.81353524868311
-0.708752934901606
-1.49224964024176
-0.671652408374715
-0.81608330548488
0.850222164202082
-0.425482110246085
0.869967260497617
-0.0635511671611907
0.846265466868726
-0.00668821036857145
~
-0.684370419875963
-1.81445124392336
-0.706166959173166
-1.4938870323545
-0.67117815979157
-0.818872122748074
0.87242275469303
-0.376069292407933
0.875581977406269
0.0374738884619051
0.847563057397532
0.102135234080205
~
-0.682151777031298
-1.81839876176038
-0.701948470006732
-1.49812264931471
-0.670045626252778
-0.823313088699134
0.891931019742169
-0.32959715927897
0.874470791085778
0.133149462744115
0.849086109215639
0.205982025729358
~
-0.682232362569376
-1.82394213668905
-0.701113398809341
-1.5030570698591
-0.669521815939032
-0.827271444414505
0.902621818342298
-0.225353701122423
0.87511949123083
0.267886174748422
0.850850069497834
0.320471821839393
~
-0.681944260564612
-1.82794696221016
-0.699404644727277
-1.50524436898409
-0.669356495616058
-0.828468686909493
0.920753777627572
-0.158779776737063
0.876379471587547
0.337779710423014
0.851822689850017
0.432228253632669
~
-0.68089057109702
-1.8355504035069
-0.697574460101522
-1.51053747518243
-0.668501307952191
-0.831799852712925
0.9373761777457
-0.105682006300617
0.88611119789445
0.413786825842756
0.861003879307929
0.511645064844212
~
-0.679724256802098
-1.84387784381179
-0.694952899201872
-1.51793041587134
-0.667181625495287
-0.83688558185636
0.947501955491124
-0.0578034803334957
0.896001476410198
0.475828895634224
0.871325409377884
0.593961176953351
~
-0.678783516986963
-1.84667923889864
-0.693864360700744
-1.5203746852037
-0.666665457529613
-0.837815941374729
0.954770361515156
0.0337002113273947
0.897514222790766
0.5843579493056
0.8743667295896
0.688966182134876
~
-0.678208728679983
-1.84571735884649
-0.69277033265938
-1.51950351685816
-0.66485006245333
-0.836389500180497
0.955875134447386
0.0842954952993922
0.896899802386388
0.64815742397051
0.880168374425664
0.746524696351651
~
-0.677750919693044
-1.84555911254835
-0.691654938017778
-1.51937316700226
-0.663722356357518
-0.835501866065978
0.954321858536921
0.143506245168634
0.89980982963106
0.714341418559015
0.873670911174555
0.973873820948088
~
-0.679680975786278
-1.8455865846167
-0.692678833589801
-1.51856861309454
-0.663568228583873
-0.835397159846721
0.952161775126704
0.183599365417708
0.922631215382895
0.76760967573953
0.893531941326234
0.955344688849422
~
----