No.1 Gesture
-0.749409301925619
-1.87962590229318
-0.755331911315161
-1.59588231337352
-0.676271354692721
-0.878999558862805
0.564498880567471
-0.355373402221132
0.631303434335373
-0.527167429672954
0.667319441304315
-0.517849781596191
~
-0.749572849740007
-1.87128566139901
-0.755144528946544
-1.59133403115887
-0.675463650549775
-0.877065262703606
0.565755987332174
-0.352964328750583
0.629670501618344
-0.52913679353392
0.665935247074218
-0.521697927572617
~
-0.750428552812835
-1.88128913199864
-0.755323544089607
-1.59926357509826
-0.675631613078464
-0.879482352986673
0.566056009551506
-0.356025498620782
0.629693762524609
-0.534320051465463
0.665314375407814
-0.528716968384143
~
-0.750098499413105
-1.88313201741377
-0.755905147075493
-1.60149945990738
-0.675350544565725
-0.879690130142592
0.567681294618941
-0.353649425768271
0.651619681805427
-0.465918473307963
0.663526958874918
-0.53090194043585
~
-0.753039482860832
-1.89440771207577
-0.758972027615513
-1.61116471975681
-0.677844916172883
-0.883706546447796
0.544440338876339
-0.352408150418438
0.69531723519817
-0.350003663939408
0.663026775712738
-0.53540146162988
~
-0.752653220454222
-1.89218869045178
-0.757622440479118
-1.60786171140279
-0.677945242721076
-0.882099368140441
0.551373458590904
-0.352293250844376
0.687590574380031
-0.368695249593832
0.661619576880213
-0.534308761087234
~
-0.75297018674272
-1.89395598686066
-0.757343795051242
-1.60874091050005
-0.678476532764251
-0.885676016344984
0.676197130360585
-0.214927051012981
0.698197384669947
-0.372692502549947
0.6608029484003
-0.537097985215422
~
-0.754716312236109
-1.90056566865935
-0.758834686331578
-1.61871845678139
-0.680447048287116
-0.885891538661429
0.545985527865727
-0.346852668796169
0.623817558298315
-0.535087772729219
0.660000087401309
-0.533164063323828
~
-0.754423338126278
-1.89976833334089
-0.75718649132099
-1.6146426663231
-0.68070145939098
-0.887731694105139
0.546053803872682
-0.349754453435213
0.623648336667936
-0.53900444187079
0.659750787168984
-0.537955866032875
~
-0.755035184644405
-1.90599990353892
-0.757457015643065
-1.62086567921758
-0.681444780132772
-0.891060662741066
0.671129053108477
-0.215748161166734
0.664001457463731
-0.502482187497839
0.660392729709125
-0.540181630180345
~
-0.758309140124679
-1.91564148294507
-0.762747752660669
-1.631294279893
-0.683255036505374
-0.892421295200598
0.556400711733083
-0.359361290965518
0.698950463340036
-0.363152803554123
0.661517005722577
-0.543528410067654
~
-0.757843705052098
-1.91570027660557
-0.76197072712
-1.63024008834715
-0.683016549923382
-0.893791695914041
0.555383476381317
-0.361655017598174
0.62670404131312
-0.547983473293521
0.661822229512594
-0.54382303916849
~
-0.754632952453265
-1.90485283843296
-0.756955156063389
-1.61845407133623
-0.681100116465305
-0.889505963435138
0.557543418911338
-0.358045581350634
0.650241182153381
-0.48510527155983
0.66064804514422
-0.538788537761301
~
-0.750852251710812
-1.89160630164292
-0.751705967126131
-1.60597370475124
-0.678350501705561
-0.881543140131519
0.557830813085321
-0.351240660633571
0.6499615799725
-0.476964238305478
0.659864104389364
-0.53061424407155
~
-0.752216955687901
-1.89396015642185
-0.753698021705317
-1.60814393700015
-0.67933274311018
-0.882832995693447
0.558938851273624
-0.352200782404734
0.646356955842114
-0.482141051329633
0.6596136585763
-0.532131170283528
~
-0.753078656066176
-1.88906812871705
-0.755023978402586
-1.60316324391453
-0.680402892392592
-0.871805666557207
0.564267726570922
-0.346352286111926
0.648545083275255
-0.467084832600394
0.657456857123812
-0.513596770930827
~
-0.750285702456447
-1.87360582211742
-0.753647446750507
-1.58795274202004
-0.677466150764829
-0.87093339722957
0.567913906521205
-0.341365814699814
0.650904458169987
-0.46764920011322
0.658893737311321
-0.519238978067767
~
-0.75327116422458
-1.87791844702996
-0.760581408604774
-1.5951360975268
-0.678439792229168
-0.876221221142903
0.560749220083735
-0.347113286587386
0.652114080895225
-0.478221307694218
0.659760813251967
-0.533570071971671
~
-0.750675598678343
-1.87411078083572
-0.756918646436827
-1.59043132033993
-0.676161987341828
-0.875175713679934
0.554036188468725
-0.34379501628198
0.651957472640617
-0.47638320193529
0.66139230449593
-0.533256627637917
~
-0.750190426728072
-1.87547077650708
-0.755842280395907
-1.59107556394596
-0.674422553488902
-0.87265442606391
0.691225369386111
-0.208772275423295
0.682724458720719
-0.454714929793543
0.66367636306503
-0.535922623132633
~
-0.749772241610226
-1.87734194266592
-0.754237002595667
-1.59178704164497
-0.674401625549983
-0.870266633532339
0.566925349438988
-0.337795029206296
0.657055759984761
-0.477735693177208
0.664301770771207
-0.538053704238477
~
-0.749889180831245
-1.87787646396272
-0.753345346923349
-1.59140165242038
-0.674700093330876
-0.871663534259031
0.790044491239054
-0.0501552561412252
0.707383422637097
-0.406449501180767
0.665667497905395
-0.538445544706148
~
-0.74802111602021
-1.86688413002478
-0.751910178284342
-1.58150685258936
-0.674063323401681
-0.867446778768191
0.572291850457379
-0.33992636172917
0.656427386711282
-0.471695586490666
0.662964372113561
-0.530631499318438
~
-0.747955346224401
-1.86235495412719
-0.750752190539892
-1.57724464073285
-0.674194048311231
-0.868277335373098
0.765777621510841
-0.08620577361461
0.698693663521609
-0.416829150822416
0.664202318605082
-0.532714866085474
~
-0.745152485926042
-1.87484381466351
-0.74783907064485
-1.58946147128755
-0.671837066518216
-0.876373023915619
0.797423172896196
-0.0513131544889701
0.707875216987625
-0.409609490240568
0.664113117332344
-0.545507794067033
~
-0.745322999678615
-1.87571108313029
-0.748279269203916
-1.59286556638805
-0.671934123481522
-0.874669340607694
0.804394115943377
-0.0348589863340687
0.710589763069928
-0.402128227322144
0.664583990707876
-0.545356548259098
~
-0.744370482719371
-1.87984292940423
-0.747124334131073
-1.59629293323997
-0.670181781717661
-0.879122988231982
0.806683362525071
-0.0381207776840799
0.711776897440983
-0.406648057501997
0.664945683249669
-0.552373671799975
~
-0.746820519493751
-1.87933135616402
-0.751469865448495
-1.5958582488018
-0.671416672935399
-0.879745485779812
0.808607014563628
-0.035459051159236
0.713051446959473
-0.406911326840358
0.665403916873387
-0.554466930967916
~
-0.747937638370111
-1.8801695527964
-0.752946891952965
-1.59643242515442
-0.671553179510961
-0.874560225415683
0.811087386902943
-0.0284548953486545
0.713758014949497
-0.403783628750523
0.664431193354398
-0.555262710642374
~
-0.747506224071687
-1.87853401474737
-0.752830609842905
-1.59473773791097
-0.670977629567016
-0.872816169958032
0.811504453547284
-0.020752195057711
0.713875346015396
-0.399777060656996
0.663286801715315
-0.552779377243023
~
-0.748766903945004
-1.88033814129377
-0.754539977870974
-1.59668525643061
-0.67195924634785
-0.874753592884413
0.796962109089178
-0.045288786297903
0.709262292240773
-0.412201329937142
0.662855287782272
-0.55487852681463
~
-0.751390801667704
-1.8747704137248
-0.759938521249708
-1.59420570290652
-0.672911240939919
-0.875017700449665
0.805316941652277
-0.0280719476839285
0.712114075280002
-0.405356282090969
0.662222961103448
-0.556633870550966
~
-0.760690289437807
-1.86941498038301
-0.765640649648419
-1.58622835111623
-0.683675861293556
-0.854214289290169
0.822073014684755
0.0307508388963554
0.717324435981599
-0.364460586760446
0.663449422458068
-0.521659590672351
~
----