@No.1 Gesture
-0.768863179378372
-2.09242319810824
-0.788210646553784
-1.83181266107243
-0.692920755748417
-0.970280728060501
0.721696123165636
-0.689936537086585
0.669775698591822
-0.403697450518747
0.64475726580533
-0.260992690778297
~
-0.752362590797908
-2.10991140903678
-0.764732600198591
-1.84123783003149
-0.695504295633078
-0.969240436448081
0.706076721775562
-0.695296509317567
0.660369224702997
-0.390742611703913
0.644780498492701
-0.21064734838034
~
-0.758109056026211
-2.08325646324462
-0.76645946053464
-1.81437183008537
-0.701122173375011
-0.953131588254142
0.687577452785098
-0.694287962965115
0.63796721431804
-0.381370696058583
0.618505021195375
-0.210179930615413
~
-0.763104368920407
-2.08419826194255
-0.768842207819431
-1.81317264383999
-0.712249973237594
-0.948953672737095
0.675484583929419
-0.705592190843688
0.627865392426413
-0.383578784741431
0.602407852237867
-0.214127995634975
~
-0.778831325525238
-2.08896790467034
-0.785610511253011
-1.81253181100564
-0.724631349025686
-0.948157168603562
0.678092584504371
-0.704726144706906
0.60942517909833
-0.381225218773757
0.584275469849026
-0.213214834497461
~
-0.803793357762434
-2.09371224573643
-0.802632657023381
-1.81427764302592
-0.727775450859002
-0.950688087860888
0.669578403127991
-0.70677420793847
0.60204944576729
-0.383543653410541
0.571474106233368
-0.208255695422056
~
-0.808044805856698
-2.02993571301865
-0.80935898633298
-1.75415658292365
-0.728656464342509
-0.916990253853926
0.651441189774636
-0.699853490214355
0.568000749406649
-0.36394757702176
0.539669067072031
-0.181969159245557
~
-0.817114754991301
-2.04920431691558
-0.812140326793192
-1.77087246053062
-0.731107315519917
-0.926361784367587
0.663504889831513
-0.705747571549628
0.580733252703634
-0.376676866628698
0.544192208428702
-0.186727006314115
~
-0.809971194456022
-2.06229490436305
-0.79997004952085
-1.78366497276504
-0.729321744327694
-0.935449323748134
0.669743796336274
-0.703737482668789
0.588190003079055
-0.375176858834674
0.558851904302944
-0.188212508461761
~
-0.804943581106029
-2.07322675367633
-0.793584931754429
-1.79268377610205
-0.730509777374674
-0.94076041767522
0.673546451776076
-0.70620358243525
0.588679722294293
-0.376989350829913
0.561225082069298
-0.193240235683612
~
-0.785077066658947
-1.97481072006523
-0.787964760984066
-1.78002679678362
-0.723052304516052
-0.935772539529871
0.667457887841194
-0.701617054247862
0.581961040766434
-0.386683717658464
0.551076201176679
-0.198517214571024
~
-0.794990120696492
-1.96862631968889
-0.784584137888276
-1.77163745927602
-0.722598842624652
-0.933191745722029
0.660296500234941
-0.696445152283198
0.577392481640865
-0.389861661031645
0.547484360741227
-0.198344930210167
~
-0.800905626203084
-1.9494912246251
-0.784572102811179
-1.75334485747796
-0.723548595368255
-0.923410975332587
0.656304787106859
-0.690474536079408
0.571582578932758
-0.387340826988232
0.54111887990365
-0.195464883939652
~
-0.786538548240959
-1.84855895189213
-0.76732803111669
-1.66441716716703
-0.708994825857261
-0.885722132259415
0.600928269785973
-0.62425881067342
0.509012512444555
-0.391899550245933
0.482562356938599
-0.203395826941586
~
-0.79518769628524
-1.84165840919868
-0.776107047156415
-1.65813502514756
-0.713990555382606
-0.881930681829759
0.596535682200671
-0.618378807519266
0.501890199947559
-0.394782053662518
0.480805234052947
-0.207851226313135
~
-0.800010418419464
-1.84263728539454
-0.781316399530351
-1.65863225231055
-0.716584063311162
-0.881652607168762
0.59820466356094
-0.618556835157467
0.508846129749966
-0.40145404799447
0.486006085790869
-0.207479613989603
~
-0.802551001611699
-1.84535145213757
-0.784889545368297
-1.66069147259189
-0.718344040322341
-0.883009689914284
0.602987954145982
-0.618404685589784
0.514077426491579
-0.408338048033514
0.492161091552502
-0.207905253992125
~
-0.806138083848172
-1.84490951633539
-0.789023523069394
-1.65891588482144
-0.721794241886174
-0.882495223983263
0.602774742041836
-0.618192406643686
0.515138620033376
-0.413104905570923
0.490740465989888
-0.208536019326739
~
-0.80910958103327
-1.84382204261494
-0.79126033638446
-1.65727206265196
-0.725843519758789
-0.883037028692935
0.603348442073219
-0.615062685359413
0.515006739356096
-0.412528958568054
0.488687371619778
-0.206518835866227
~
-0.807335776463006
-1.83803707772252
-0.789048762530754
-1.65184697573944
-0.725066286144991
-0.880591401006341
0.604972981470185
-0.612515056437092
0.513829974888667
-0.413075440957871
0.488040641631759
-0.205858059219136
~
-0.809999043422176
-1.82220770809328
-0.791907022521797
-1.63666307057298
-0.728024753408771
-0.870471470981808
0.605575219893995
-0.628762304592204
0.49995124805763
-0.392621997124768
0.479183731540163
-0.193810270609669
~
-0.809292510731659
-1.82428463495795
-0.792231998000257
-1.63860726614712
-0.727450106845955
-0.872556204797161
0.605146954621823
-0.622467513718281
0.503534401409836
-0.390437279557804
0.481021970605472
-0.19331745875924
~
-0.80625397571029
-1.81952503353163
-0.789447312556379
-1.63431919441156
-0.724737481645655
-0.872425680979494
0.602569860596084
-0.608403754542347
0.505249885642374
-0.399596583394428
0.479023082808941
-0.193665660121692
~
-0.805585986661149
-1.81034979360979
-0.787999232980894
-1.62615836932184
-0.722272099687495
-0.86841208705548
0.597232426190547
-0.601499450189238
0.505944814794888
-0.402236341097065
0.476110587532976
-0.195116400650164
~
-0.805575821266182
-1.81191025208807
-0.787133735240136
-1.62738799665157
-0.720620965595574
-0.868895267030301
0.60223936049392
-0.602358418761406
0.510604653751367
-0.407654331975527
0.480495698978255
-0.196656444797535
~
-0.80456121856727
-1.81896418442037
-0.786988398228872
-1.63320221920566
-0.719534901416301
-0.872071825843321
0.608753428135563
-0.605243111359306
0.515842590816846
-0.408143249189707
0.485626151437983
-0.199230988606187
~
-0.799762423273717
-1.88560147870445
-0.786495466951636
-1.63737304889994
-0.71837718745189
-0.874073387745563
0.612331066761352
-0.607675144969228
0.516684327042969
-0.408005054266449
0.488305388761586
-0.200951857239326
~
-0.796619806553105
-1.89062073425389
-0.785078410516318
-1.6406170433714
-0.717136316807249
-0.87549373790577
0.614443468683983
-0.608075696238966
0.517651077300267
-0.40574749109983
0.490677150855323
-0.201727304780469
~
-0.795604486320849
-1.88368889935346
-0.783516146308168
-1.63280225153823
-0.715850645720253
-0.869330085004213
0.613860440470979
-0.609439095941136
0.514030852145129
-0.394956848424203
0.488723552535329
-0.198936095890252
~
-0.795236942874329
-1.88185333149874
-0.783114092219548
-1.63015191582634
-0.716075765929278
-0.86784472858399
0.610898904529583
-0.60842807969871
0.511634020840564
-0.385846710056957
0.484710580491802
-0.194919818366473
~
-0.793776639505075
-1.87969477461615
-0.781616923373873
-1.62726758673159
-0.714757195249704
-0.864730073088082
0.612299864334134
-0.611619430029385
0.512285907881844
-0.380540984458632
0.484151599553109
-0.194638807414171
~
-0.79304404619506
-1.88739040422078
-0.780507545151948
-1.63404086613136
-0.713381922031631
-0.869854335784411
0.612641611441686
-0.611216889437867
0.513329055848122
-0.382037547061614
0.485310838844468
-0.198439672415715
~
-0.794442166564596
-1.8987444079592
-0.779070523242474
-1.64476308835648
-0.711552086901114
-0.878343071582167
0.609672159312467
-0.606665508565294
0.515658051005073
-0.386986246099468
0.483188415674391
-0.196424673731119
~
----