@Right hand swipe left
-0.664727713952796
-1.74814435852204
-0.67932429580492
-1.53164531449021
-0.647071470550222
-0.869473234603979
0.258869095670262
-0.532491418603831
-0.386309329080496
-0.504726339688849
-0.648502627050687
-0.552856211549129
~
-0.662777462427259
-1.74434593514663
-0.676670381456562
-1.52982710769217
-0.644507943821281
-0.867464497804429
0.266628876425323
-0.531379834745411
-0.377259369575661
-0.497015114991623
-0.639327022836948
-0.548119750363519
~
-0.662696907230176
-1.74475357121063
-0.676454012258627
-1.53146027008686
-0.644165337706067
-0.866736533135744
0.258401920441355
-0.537926272480564
-0.385512397375496
-0.500786449523842
-0.64862856619934
-0.551931312277277
~
-0.662829264420167
-1.74583705259962
-0.677430887328162
-1.5262987996541
-0.644790298173898
-0.867273083996566
0.268400977483538
-0.523062831834572
-0.376767387930687
-0.504266783110369
-0.643269520937003
-0.526535310322043
~
-0.659344608246435
-1.79536347537683
-0.676685581434439
-1.52651403112991
-0.644044964150417
-0.865838419864494
0.267772873311891
-0.526815458426428
-0.376918128116001
-0.511408950487238
-0.642543329433252
-0.524055491892296
~
-0.656620558083094
-1.74006339843832
-0.67671519552669
-1.52376440907508
-0.644396894430195
-0.866036479240531
0.260838103202036
-0.530600207202269
-0.383174083910333
-0.510509130439546
-0.650633693142826
-0.538286262177669
~
-0.659523232997571
-1.73288231806417
-0.677027621189959
-1.51980372942148
-0.645932904114249
-0.863916371839444
0.258706238352863
-0.528573062887093
-0.382846258439436
-0.500640598888846
-0.651756521020624
-0.505832483165072
~
-0.659351223757807
-1.72849152808059
-0.6772391713034
-1.51707517437851
-0.645993942305601
-0.86197598470684
0.257068358611966
-0.531626171471641
-0.361727930260468
-0.501894776499514
-0.631331819972809
-0.483307248428363
~
-0.658911188406485
-1.72741189722318
-0.675039385848017
-1.51995237845504
-0.641625729996344
-0.860997254224212
0.412510884747655
-0.49444241232301
-0.18299567561384
-0.50239866325586
-0.439908778840099
-0.484034505009449
~
-0.657482031547748
-1.71457638985565
-0.673316453803669
-1.51218312456929
-0.638461687046368
-0.856477542196621
0.470009683687062
-0.468282467799063
-0.0419884807856804
-0.500294341141656
-0.296037320112747
-0.498817642591379
~
-0.657164430362759
-1.70998455072373
-0.67169554954003
-1.49235822504418
-0.641673318525704
-0.857019004918307
0.524255959931746
-0.444580827812223
0.161834205670972
-0.515042290776295
-0.191048212294386
-0.502938339734045
~
-0.654474822629633
-1.70257356821215
-0.66847012731642
-1.47633117270548
-0.640619536709083
-0.857099091792989
0.595560964049504
-0.43231755905905
0.268900198835783
-0.478536462225612
0.0339932522184355
-0.474324672179682
~
-0.650876205532434
-1.69366055125285
-0.665569114491937
-1.46812149139646
-0.640205312320694
-0.854474947006038
0.678510647919088
-0.400460465746005
0.410617338254026
-0.473211812318035
0.255032463107911
-0.458948233937855
~
-0.646577022313506
-1.68073021395382
-0.666831035691147
-1.45748673488637
-0.640012491861072
-0.84779932540391
0.775328868765309
-0.342403877773035
0.545596058615514
-0.450310188794379
0.503247384488351
-0.431109616280756
~
-0.641978358933814
-1.65915338171906
-0.667523489489546
-1.44195224179782
-0.642510322328444
-0.835831557304643
0.793442214593333
-0.352035526978795
0.800093916552854
-0.389055780334328
0.724902404639948
-0.434149159700921
~
-0.639926704311699
-1.67806067368738
-0.667209947300106
-1.42800223299738
-0.641975113426048
-0.826551998445482
0.792027518372883
-0.368025962056525
1.0007976765301
-0.467329159159466
1.07038770689737
-0.50043022020382
~
-0.647455400989465
-1.66942419847834
-0.666016590353915
-1.42003563207483
-0.64044579697593
-0.821306520793439
0.845960735471662
-0.393756874233957
1.1536430608619
-0.399049213145646
1.20484084726155
-0.433508277188927
~
-0.649622874564079
-1.66383303986056
-0.666218493723766
-1.41411605326047
-0.640055841018633
-0.817215352315269
0.951705377524228
-0.366178612725355
1.30206523554722
-0.418568105904165
1.43884995268291
-0.445817724365088
~
-0.64981574187775
-1.66131718494009
-0.665696797869702
-1.41141421369322
-0.639668104247268
-0.815818366669191
1.04902418914136
-0.342848441312511
1.48136177431675
-0.401790271489586
1.63257487063867
-0.451366088723397
~
-0.654412587754371
-1.66325240490008
-0.66580361494174
-1.41298161257202
-0.643134812704379
-0.818838417305882
1.08217762122898
-0.309639193446506
1.55128718824236
-0.384327367218956
1.79469889402239
-0.445949681599982
~
-0.653287526989025
-1.66446789149637
-0.665524836592717
-1.4144914333947
-0.64451093534755
-0.821016962972423
1.11874042742221
-0.301966804189028
1.64595739690439
-0.362584609046981
1.94774014960211
-0.441685260685954
~
-0.651650324274734
-1.66063758895928
-0.663787174886389
-1.41115668071448
-0.643513473188628
-0.819061868613646
1.13913247326926
-0.289283255805689
1.70981011768039
-0.359552012989811
1.94297311272304
-0.418206409557216
~
-0.647988400106424
-1.65667254806792
-0.660353764715161
-1.40802700614471
-0.641459724445172
-0.817609620461762
1.16929199775128
-0.274817530556926
1.74981861586988
-0.354603522010131
1.98871459055564
-0.40357602394703
~
-0.644229078089948
-1.64953834570221
-0.656624402797588
-1.40196048704282
-0.639267964576982
-0.813607643451599
1.18915623521563
-0.266779730867325
1.77232140135007
-0.362720302661827
2.01865372538262
-0.402446860554551
~
-0.640519692041916
-1.64150850574225
-0.652917604139344
-1.39508454709407
-0.637063517028427
-0.809019020697625
1.19442591434783
-0.25619894202607
1.77651980037635
-0.360631612853171
2.0229215305851
-0.398820619923752
~
-0.637788258333283
-1.63458743634362
-0.650416602639991
-1.38913626660916
-0.635532585144472
-0.805131915911627
1.19758029165408
-0.246520627074257
1.77430785586918
-0.352749201267756
2.01864874928141
-0.395751788409803
~
-0.635708076159554
-1.62927212477569
-0.647825673665897
-1.38379160247998
-0.63285467296276
-0.801992328026918
1.18873683588938
-0.235590496207251
1.75774626513296
-0.340342673132351
1.9164344457677
-0.285022820331884
~
-0.633313492144275
-1.62636461764446
-0.645577139577042
-1.38147184059966
-0.629941068535264
-0.800896977781679
1.18366291927047
-0.229653591166678
1.74599555608026
-0.339414897384236
1.98083031651335
-0.395170988586677
~
-0.63070762955837
-1.62627220868668
-0.643330924485642
-1.38177507563448
-0.627685115497428
-0.80019390179764
1.18314688953625
-0.229063090245849
1.74241501451188
-0.341756187057406
1.9768325313825
-0.398298250245185
~
-0.62942283877135
-1.56988290216513
-0.641380704268581
-1.38025156476022
-0.625719287777979
-0.798509331428793
1.18299460384488
-0.229057045759439
1.74095292995242
-0.342965814125795
1.97569758562399
-0.397924578620849
~
-0.628538938925575
-1.56694386807982
-0.640251787532406
-1.38070916490794
-0.624860219874455
-0.799982791975682
1.1827496881093
-0.230933663558495
1.74156108006229
-0.343005203877224
1.97654047759978
-0.398594384177341
~
-0.625571564691247
-1.56222945032751
-0.638461737231568
-1.3816752794256
-0.624431286769086
-0.799879289696867
1.18166108242436
-0.231224048304193
1.7412149888755
-0.341867678987138
1.97628567038905
-0.398320871171427
~
-0.62525776883069
-1.56206943390023
-0.638323921455486
-1.38153728855538
-0.624669633006946
-0.799320211805572
1.18098413171018
-0.23033894717549
1.74134540782475
-0.341080513049677
1.97694320112287
-0.397735311348263
~
----
@Right hand swipe right
-0.643949311062117
-1.86066941313156
-0.667997851410564
-1.59784456077965
-0.657514989826558
-0.848218907844593
0.171106352505937
-0.0115639098354981
-0.415534692683308
0.220772306797829
-0.671014768619163
0.272094728258201
~
-0.646874990534176
-1.86767550045418
-0.668987940444507
-1.60409181096996
-0.658367507254505
-0.86336302782809
0.173344587399968
-0.0145738777624211
-0.414765630193564
0.21681400995759
-0.670741930953709
0.270742722704478
~
-0.643405427432444
-1.86053209263584
-0.667306878655104
-1.60117159814899
-0.657924836280376
-0.86239230980847
0.17419315898554
-0.0161979313217408
-0.412332088329973
0.214766751916624
-0.668551865146899
0.269471751411841
~
-0.642696766138344
-1.85517556323919
-0.665564575206448
-1.59414238776625
-0.655652771402961
-0.855238206869272
0.176814284383226
-0.0101777616507902
-0.409462463683507
0.215986079969746
-0.666380574974173
0.267421871058151
~
-0.643127600361362
-1.85841069029616
-0.665810223379814
-1.59503184684019
-0.656095600762501
-0.865070833773924
0.180246068016529
-0.00926962496433157
-0.406998903003498
0.215703916236713
-0.663516683429232
0.274068234260331
~
-0.641617465812972
-1.85156088764242
-0.664764370264139
-1.5890680304997
-0.654730092908446
-0.864707885998672
0.182251297747949
-0.007553207114848
-0.402374492345381
0.218103662657221
-0.657899027912483
0.278402372621166
~
-0.64221969236123
-1.84268245791075
-0.663670261019157
-1.58051534241215
-0.653290275508596
-0.868525968334379
0.189119631627245
-0.00769929005208581
-0.391940793396031
0.222078122881757
-0.647331607270632
0.287751464746711
~
-0.622385741919619
-1.72990214826932
-0.640296863299627
-1.47072292313542
-0.633644268990591
-0.762222123846557
0.220245896969019
0.0738460878357772
-0.345158339768232
0.31490177333788
-0.600632386251089
0.37547460948686
~
-0.612188388773474
-1.79247347707854
-0.631341377449282
-1.52880821224886
-0.626856836844745
-0.807665705664625
0.213857331053134
0.0839615231176968
-0.361825704891973
0.338960658098391
-0.54728960741449
0.357923564133552
~
-0.628235712371796
-1.97974983735561
-0.651497488295586
-1.68095292853103
-0.65125891822876
-0.842968558147622
0.51852850895228
0.178243543668634
-0.0536889887447694
0.424008414255706
-0.214447615890749
0.443523902713057
~
-0.61748221174803
-1.83731366490745
-0.641519808804669
-1.55506444612471
-0.62518662377748
-0.853952372766803
0.627695154024704
0.201043808968655
0.142337949478735
0.412394531688387
0.0369686351513393
0.448745709972728
~
-0.635501855425686
-1.90356438783865
-0.661155751511418
-1.62396152937276
-0.642046455400756
-0.930755135232162
0.801671056355361
0.0880774098418164
0.506531459086055
0.334677494234037
0.415535519944499
0.357290326328209
~
-0.642474889982882
-1.89557762192102
-0.670467935031376
-1.62056382206829
-0.652805575899829
-0.937605900993432
0.890723136446625
0.0799790749578391
0.79331879317932
0.334976842614627
0.645586474276471
0.372241399216823
~
-0.62898464624755
-1.83556584707789
-0.660667699372609
-1.56970637042126
-0.650079730121384
-0.915056763000686
1.00815347607494
0.049451379331483
0.975378653655561
0.342146850301705
0.946013054597778
0.398368819595826
~
-0.616884222763077
-1.78486063819081
-0.647497056704907
-1.52686833490615
-0.646018690254165
-0.895012013640793
1.0198252757263
0.0435226051184403
1.12114086376139
0.316803293224523
1.17100978496456
0.382281220760059
~
-0.603820355195352
-1.75605896899233
-0.6369847987462
-1.50363664073675
-0.642497192309646
-0.878621045770038
1.05440843954858
0.105837451305099
1.30662016433677
0.329131696599755
1.3854263584161
0.412206338584047
~
-0.596073047556828
-1.73707863560955
-0.629227510020974
-1.4877764550466
-0.638798516374044
-0.871109780949863
1.09649075784136
0.133279048193458
1.4390166634741
0.364565875616465
1.57456540577893
0.434803662438168
~
-0.591318914497352
-1.71952348326426
-0.623668894653355
-1.47198539480866
-0.636556235936422
-0.863932157402552
1.13148947353321
0.137278718241154
1.53917922813842
0.374215738215914
1.70359027492383
0.455225772598207
~
-0.586802255233604
-1.70851447174961
-0.619707682420645
-1.46248156842778
-0.633688650407724
-0.858972258301622
1.16522865418264
0.156496140548772
1.61739498786711
0.400960230594667
1.84954982856418
0.478179333071847
~
-0.58212308720168
-1.7006229865782
-0.614910913973784
-1.45575707242582
-0.629745383850256
-0.855128439596336
1.17740232435893
0.162936244329364
1.66936992681483
0.413011909944875
1.94583050954376
0.491017453913581
~
-0.581953066480415
-1.69573172749583
-0.61438049432614
-1.45135682941919
-0.627660910399086
-0.855157857208552
1.19760770041814
0.18778184533981
1.7140646544494
0.425749002268154
1.93958342239795
0.495400765363022
~
-0.579759514702772
-1.69212349010933
-0.612457509701187
-1.44831838756793
-0.624919360566007
-0.854277244551322
1.22193742700225
0.201649863558212
1.74018279622463
0.466854279680314
1.97606144127583
0.529728909376999
~
-0.579102569795058
-1.69156137798771
-0.611866598713854
-1.44779717589208
-0.624342627446332
-0.855115229683636
1.22981402762199
0.217986121499631
1.75540939858993
0.473030667515114
1.9947455500158
0.536732600887365
~
-0.576265367859032
-1.68757181687262
-0.608496657079034
-1.44441689145525
-0.62163179723682
-0.853556459551821
1.22834689037082
0.232950958521892
1.75455820069318
0.477467073849383
1.99433513932171
0.5379747854877
~
-0.574881428441483
-1.68548902317194
-0.607220823381563
-1.44260253266075
-0.622105826909512
-0.853428894833977
1.21801247539479
0.238021905509571
1.76641824442248
0.405731697102837
1.99883135697621
0.488782535020408
~
-0.573955794298576
-1.68830733800874
-0.606394367148323
-1.44512559630516
-0.621091533128354
-0.854859230801079
1.21964176482569
0.239809374549526
1.76068976119981
0.421974528141317
1.99664864688462
0.495984396509865
~
-0.574208539590383
-1.68997458558239
-0.6054354562105
-1.44634492457501
-0.620113768864457
-0.855816799131615
1.21620064085307
0.240522803762796
1.75479103183452
0.436069469509391
1.99386803896031
0.49923064242695
~
-0.571771438311289
-1.69111329704812
-0.603062851343713
-1.44774798123863
-0.618494146335183
-0.856007943397254
1.21425181487932
0.242633246363827
1.75424113742848
0.435176949411014
1.99238312327871
0.500717277756285
~
-0.56880973427634
-1.69371945335921
-0.60012781394447
-1.45041317498741
-0.616362495084729
-0.857069937888206
1.21457922897217
0.244028036538044
1.75412257604097
0.440120579001025
1.99283918025534
0.503091033442547
~
-0.566641014922072
-1.69480536401987
-0.597976540991372
-1.45152344643884
-0.614648884971162
-0.85820250788943
1.21518673307269
0.246592925319428
1.75315448443697
0.450729086424957
1.99344605688895
0.507005384924212
~
-0.566022881217929
-1.69632313128811
-0.597298976183426
-1.45306803094377
-0.614142055470289
-0.858651484902266
1.2079168367686
0.244799694012237
1.75495874878016
0.42721225966236
1.99011706922642
0.500575781755577
~
-0.565960473775738
-1.69504176851014
-0.597206234956365
-1.45180645144115
-0.613610966971611
-0.85853089211735
1.20933329882425
0.246228507685892
1.7529230088471
0.455168745882121
1.99343837997694
0.507690258342779
~
-0.565783313580107
-1.69425187666855
-0.597481538612716
-1.4512006142553
-0.612574898600087
-0.858006154156142
1.2099122181222
0.246328525082835
1.74273551704996
0.474004281023237
1.98037341554497
0.535294971347888
~
----
@Left hand swipe left
-0.645318998023861
-1.83719202539346
-0.669449329365081
-1.56322862584203
-0.66866202092096
-0.800757924418856
0.24605547369843
-0.639773122007905
-0.292200768100981
-0.961376512249195
-0.535142559640642
-1.08836552696837
~
-0.64810909546987
-1.83762981635155
-0.670212278108693
-1.56368111966727
-0.668922929705183
-0.80094768198905
0.233143663518423
-0.662732541455606
-0.3162184070741
-0.965951938167005
-0.557255768931816
-1.09801557537493
~
-0.651458733724457
-1.84004317082431
-0.669784116815985
-1.56556311181728
-0.668970144217682
-0.804126061188769
0.193675862545069
-0.688529589398036
-0.362176369605664
-0.98535281077138
-0.485479868270663
-1.0566625640352
~
-0.65229097731525
-1.84550504426595
-0.671339071580564
-1.5709786223094
-0.670484591878422
-0.803339548330687
0.209601602061638
-0.670319754501128
-0.339730563841964
-0.977805983147007
-0.580847967998285
-1.11037854186763
~
-0.653218050773057
-1.84932637010779
-0.671480717585367
-1.57477412837887
-0.671639097608972
-0.803023113187551
0.250861286753962
-0.611850915297933
-0.279238559028906
-0.945344984316536
-0.527044633216181
-1.06826186565083
~
-0.654118612198949
-1.8504164651908
-0.671511219191226
-1.57575414929389
-0.672749755671136
-0.803881806006089
0.258700754679491
-0.60888414101728
-0.270565347650319
-0.943769210613025
-0.517694327305448
-1.06604757501339
~
-0.654403007888479
-1.85530828417106
-0.671594126670694
-1.58049268584144
-0.670353705220372
-0.805467532219085
0.240870561770032
-0.636884044266709
-0.299131783335657
-0.958645691099831
-0.54632728675825
-1.08087320652864
~
-0.655985191824647
-1.85642703863267
-0.674190962118657
-1.58109412297351
-0.673710070641062
-0.8038303030917
0.235108225430607
-0.642497697507349
-0.314012395355255
-0.956354968100951
-0.564072190527311
-1.07685346811916
~
-0.656978990590685
-1.8580477808225
-0.67533500074909
-1.58235101034414
-0.675680002318902
-0.804464174914254
0.237522814273261
-0.61285535103792
-0.299634618928526
-0.947140126603612
-0.549103997962964
-1.06970365787051
~
-0.658642951339959
-1.86052455398298
-0.676931137588875
-1.58452793971267
-0.677855491887227
-0.804462766553221
0.228401342735049
-0.631147139152039
-0.31564927365421
-0.956039429943908
-0.561242496744758
-1.08500344529614
~
-0.661189021394815
-1.87456267431776
-0.677244135695699
-1.59792066843673
-0.680460343240628
-0.812174740348324
0.211728771195526
-0.658271086966063
-0.311271903757097
-0.996582103294737
-0.55102799979127
-1.13149379756662
~
-0.660383352521567
-1.87004911359903
-0.676000824306886
-1.5945167964855
-0.678959245235914
-0.823967311857059
0.234786706359375
-0.681519301749532
-0.244874983406253
-1.02961297293277
-0.423850550902287
-1.11557051122709
~
-0.6588859968397
-1.83913863150742
-0.677549908095855
-1.56700542884544
-0.674383350066196
-0.824148179949555
0.336795669235618
-0.681691393632038
-0.0795897351702862
-1.00642196143341
-0.261685519274807
-1.13244940824614
~
-0.65524109955862
-1.81051076822763
-0.676638537979462
-1.54176675262285
-0.667570379848446
-0.825484813595661
0.458246320183753
-0.613184433193785
0.134152307294577
-0.9621846256126
-0.0444432480608085
-1.14429322959203
~
-0.651631652186136
-1.77813962438877
-0.673324524172899
-1.51361680995026
-0.66159560893478
-0.82318235114075
0.518856255865675
-0.605637740895234
0.302432876223801
-0.975709486757271
0.207682082759762
-1.15593016328868
~
-0.645769483603278
-1.7485088898983
-0.668926918918865
-1.48740484807217
-0.658514973271334
-0.824091966681561
0.594136404133565
-0.572170546573644
0.511373166954517
-0.975471185205406
0.470509511764778
-1.16077436471356
~
-0.639659086410876
-1.70404473018015
-0.665317335894334
-1.44719427925082
-0.65768578423842
-0.813293223690722
0.666670786136826
-0.533292361540816
0.697972849855351
-0.987880404803841
0.701233169523214
-1.17589657292209
~
-0.637590556504778
-1.70396021844191
-0.666177922981536
-1.44840050040342
-0.65940695798875
-0.814649128610931
0.723850273322826
-0.56264200061845
0.889089140846625
-0.999015405326163
0.896331808372966
-1.18756664397045
~
-0.630283416041934
-1.69970829958238
-0.664036141998441
-1.44610555494563
-0.660927499423265
-0.811275850822893
0.833239271334116
-0.597872335837934
1.06484847253027
-1.02784692030442
1.11051159701473
-1.20261125629541
~
-0.623754422431234
-1.69429467449117
-0.659309523899055
-1.44222117194507
-0.658716175385318
-0.807629199468311
0.888668382105015
-0.598993354293481
1.2313811725357
-1.02934131238684
1.31962285781551
-1.20724994501876
~
-0.6240773209248
-1.65941787540125
-0.657793787748979
-1.40773761063745
-0.657515713439008
-0.802313253947159
0.940632848352843
-0.5947203559299
1.32622055845671
-0.984566608838353
1.47272756462472
-1.17770414176141
~
-0.62288266854422
-1.63916743624119
-0.655634745331377
-1.38890576831387
-0.654833963580922
-0.79643678710467
0.980001451497248
-0.57465614497556
1.41523708219532
-0.947506603381335
1.5867994125542
-1.15237623468671
~
-0.623595062399738
-1.6314006016677
-0.656230112672284
-1.3815156507717
-0.654067068350201
-0.789880595016047
1.01112845142753
-0.559286765246799
1.46824162092354
-0.907302915260729
1.63680358805071
-1.07516363280644
~
-0.625190863966145
-1.62362146912109
-0.657756982152538
-1.37358996281815
-0.653580604678262
-0.785150868333062
1.04520376575423
-0.556058431257874
1.52911931705237
-0.888384795504794
1.72534076613376
-1.03660153994324
~
-0.62670950244182
-1.62363227702933
-0.658685955257402
-1.37325389085829
-0.653587857923746
-0.783669908027497
1.05174038344632
-0.546986046679312
1.56000923294993
-0.85276805199205
1.77272101579657
-0.985854822272447
~
-0.627201638728238
-1.62613806243909
-0.657774518671773
-1.3750336854774
-0.653565900675665
-0.783876284579166
1.06002420225449
-0.529413868943844
1.57883107492694
-0.81771202566575
1.80105865789422
-0.940259630602328
~
-0.624872192272351
-1.62872420932281
-0.655735843456935
-1.37761288510084
-0.651093993509969
-0.781438468145735
1.06838399609981
-0.511109361587631
1.58427699322216
-0.790821978903622
1.79212826011992
-0.929828251046786
~
-0.629042245135201
-1.62520339860648
-0.654288377598582
-1.37383610827377
-0.649166444608962
-0.780903026338295
1.07138305720773
-0.494669718604589
1.5782657402833
-0.767107093128901
1.78943171647153
-0.889729280965307
~
-0.626032764576695
-1.61780965925747
-0.65187998211516
-1.36727264638819
-0.646322349160334
-0.778211028288058
1.0738406588688
-0.47688804039958
1.56467266912002
-0.756785857910678
1.77371120253559
-0.875329109546001
~
-0.623623074030735
-1.61596163713046
-0.649631783226544
-1.36559367617341
-0.644824143118226
-0.776946908508403
1.0753939241204
-0.47383007518196
1.55928682541692
-0.750312481199473
1.76666073300208
-0.87189702947849
~
-0.622822295497157
-1.61387009970634
-0.646620708802707
-1.36298039813059
-0.641726206386213
-0.775655834558777
1.07182267091689
-0.471225215835078
1.55294001066374
-0.747518385801509
1.76083012475769
-0.869573383839206
~
-0.615417426207109
-1.61101512903446
-0.642377832911475
-1.36096377831139
-0.637481997557295
-0.774416240750271
1.07010597052792
-0.468296609048844
1.54976782786562
-0.744837772206597
1.75739096567046
-0.865737419644318
~
-0.612664161877557
-1.61172562118594
-0.639417875568144
-1.36188063771279
-0.634622258665668
-0.775636694276898
1.07044918333707
-0.465101555531066
1.54898523841317
-0.743113084854891
1.7564217311908
-0.864248674969985
~
----
@Left hand swipe right
-0.621964600676208
-1.78197944611593
-0.650147836287723
-1.5477504686253
-0.630272993456644
-0.863583322921131
-0.0885236504050368
0.503572375687953
-0.575113557199967
0.863155682990214
-0.721044084632132
0.913419692804936
~
-0.62306224242986
-1.78650804384596
-0.65306020735158
-1.55028892577828
-0.632704996148664
-0.865919450840006
-0.0554880680010836
0.49152376763943
-0.56947447467877
0.856340609500078
-0.719309066720212
0.916044502787742
~
-0.621053144648556
-1.78082278918247
-0.65147527430288
-1.54866648206727
-0.630672952201496
-0.865237614925935
-0.0535366581152038
0.491596278384236
-0.567927585608223
0.854557254857569
-0.729166027693886
0.918596786596492
~
-0.622192481748587
-1.77688135847894
-0.652939915547838
-1.54610364325302
-0.632010266308507
-0.861750188727948
-0.0531509199872102
0.494127351456337
-0.568034679334419
0.856565204421624
-0.721343963213872
0.917500609412403
~
-0.6223364084805
-1.77678003637953
-0.654193310206932
-1.54641295453094
-0.632016074193951
-0.861745044526997
-0.0525958577164105
0.494414422357433
-0.567788404289364
0.856841236706172
-0.733368387582535
0.925695395644475
~
-0.619853099150809
-1.77594515303598
-0.652121148793951
-1.5459559580103
-0.630501278747368
-0.860692791202631
-0.0506213971534396
0.492506196016369
-0.563700791138133
0.855308418421941
-0.70324365117073
0.911913810515645
~
-0.619054563762261
-1.77454353746064
-0.650940851713912
-1.5467280604376
-0.631078786292449
-0.857479385789679
-0.0328254575722383
0.493731928340119
-0.553936020798301
0.849501412251112
-0.701603239468329
0.914831745711446
~
-0.619187810069381
-1.77436820746163
-0.64989868457638
-1.54814902535
-0.631563967145585
-0.85617782951798
0.215560582590637
0.360220228409485
-0.422638626010204
0.766607291258247
-0.64939527375573
0.886749764139518
~
-0.620821645340023
-1.77270454264733
-0.650632734273542
-1.54547113196813
-0.631655854303271
-0.850316163041757
0.226250449056033
0.346738312293296
-0.39846913138577
0.754439896018827
-0.62099197567112
0.871853271000567
~
-0.628932748895235
-1.80139591164505
-0.657339340451823
-1.57414459238061
-0.637320209681755
-0.867457848214745
0.251333648938226
0.284899673089957
-0.374881821558267
0.711046406414743
-0.579769719143692
0.822316422525608
~
-0.636211320524467
-1.76329369539108
-0.659882036851129
-1.54386561531546
-0.643872723632381
-0.831627293724984
0.157344982642552
0.319849698698534
-0.325143347286903
0.661601460212597
-0.482563041985407
0.735307451012422
~
-0.650007918350727
-1.76400550014269
-0.667257326876321
-1.49725049079434
-0.651082368896922
-0.819686193681533
0.236928277537887
0.199358384923295
-0.207303956106861
0.485010864939726
-0.327671288040919
0.5372832552076
~
-0.684835435502754
-1.86642304073085
-0.707398435079176
-1.57895957870092
-0.673566872652333
-0.726544968248282
0.410667494756075
0.0315191828040236
-0.0238682704446147
0.269140984846081
-0.16104268912449
0.315974316762309
~
-0.653322493717904
-1.75733344819697
-0.670908568077526
-1.50507390456228
-0.635080287951659
-0.849582992850616
0.584038799846545
-0.303842301757094
0.103647082852188
-0.0940943943025897
0.0643098700421142
-0.0957903741375492
~
-0.671539564934669
-1.74222405285591
-0.688387754594216
-1.48343895082135
-0.650594121974757
-0.859647776566476
0.709478065644896
-0.351588620656958
0.392966735162123
-0.352027216343315
0.347458920423424
-0.327476685254713
~
-0.685100370141044
-1.72818400229869
-0.702450023544903
-1.46508659733238
-0.664559651598934
-0.839969305496179
0.730190129948725
-0.287913984205191
0.665719333607781
-0.531471656953773
0.586605202257396
-0.549964098413191
~
-0.686248203937166
-1.71065068805547
-0.702967366772839
-1.4500906529554
-0.668583903586756
-0.817211327219566
0.74429950071669
-0.341889701258101
0.756540333765306
-0.681837342694485
0.726928114153184
-0.769796721859987
~
-0.687705178066973
-1.67230157303084
-0.704753342608666
-1.41351560752919
-0.670516448193576
-0.804494537006594
0.758623044334359
-0.445009223780794
0.910879334538212
-0.850105963989076
0.919657234872032
-0.974207383300181
~
-0.68679632671697
-1.65680857905761
-0.70535464556696
-1.3990351233706
-0.671334716339383
-0.799701846686208
0.783292877387781
-0.52561908749173
1.0127666601601
-0.934457880608732
1.05630638654575
-1.10375850069017
~
-0.688044407473106
-1.65855760199013
-0.707492592231831
-1.40114139203814
-0.673177347951152
-0.802397366036881
0.82438291450049
-0.617620995320958
1.1130009524213
-1.04048607409971
1.19625130234483
-1.24651497441794
~
-0.688554783781065
-1.65655629807016
-0.7081705829236
-1.39921809162385
-0.674505971582737
-0.800658841678799
0.848150796506946
-0.645356942185102
1.18186484245971
-1.09659239553195
1.2778728772934
-1.29816358294988
~
-0.688039892690284
-1.65958456973932
-0.708210765961334
-1.40222251414742
-0.675332641414601
-0.800470445448316
0.86250890376561
-0.668280149461896
1.23309102616044
-1.14429185006719
1.34214778474404
-1.36041935787661
~
-0.691634123892125
-1.65458954550868
-0.71084643476586
-1.3973700350797
-0.676937487809679
-0.79914113784349
0.873578421385935
-0.679306445441348
1.26608025235964
-1.17228254416067
1.39385786387605
-1.39688181141009
~
-0.692642478228694
-1.65514101910168
-0.710409407234088
-1.3980042281552
-0.677272564203192
-0.797168390326873
0.882318278288264
-0.683318355989462
1.26837342294799
-1.16403954403874
1.40420226030291
-1.38563854142006
~
-0.696493145519161
-1.64214072840063
-0.71348946576968
-1.38599919199709
-0.67666860400357
-0.790500578028199
0.88882561712724
-0.685437090721704
1.27782890121463
-1.1663975324755
1.41092317760414
-1.38765758620338
~
-0.696916007034668
-1.63584840609965
-0.712575121126526
-1.38028109073528
-0.677231974990268
-0.786304594322559
0.890397913129889
-0.681417394033477
1.26832221339508
-1.16455260685012
1.40567369960128
-1.38186935556564
~
-0.699416169031813
-1.63333895086005
-0.713411689336586
-1.37778067896491
-0.677685261860688
-0.784219007062298
0.891714698691208
-0.678867505253173
1.26195100253392
-1.15736062419141
1.39773686025245
-1.37428351208065
~
-0.697847155234334
-1.62881958314397
-0.713413639073325
-1.37401593062676
-0.67735553160127
-0.781888091767841
0.88919024274634
-0.672656327371525
1.25503090543526
-1.15406817179763
1.39205757997477
-1.36956458159778
~
-0.697072012900225
-1.62853136596226
-0.713743718318154
-1.37387100516456
-0.676568544673141
-0.781927519628958
0.887713725846393
-0.668947985417411
1.25069468124451
-1.14986604410103
1.3886979893444
-1.36449699778667
~
-0.697158489368323
-1.62564751179472
-0.712916151443576
-1.371196607176
-0.676159384727823
-0.780044591347934
0.887063596665912
-0.66659221810346
1.24793122625825
-1.14700986481558
1.38604255562038
-1.36127505227047
~
-0.699912708335376
-1.6252371843602
-0.712879782193677
-1.37056482727165
-0.675642552785679
-0.779683461290129
0.887277516493592
-0.665842849526314
1.24815522436383
-1.14753542023614
1.3864591143614
-1.36128095748467
~
-0.698991623789437
-1.6264414629916
-0.713246317749451
-1.37182990061434
-0.675076732564067
-0.78086464031256
0.887380476063518
-0.665843623143365
1.2490092996259
-1.14907724352652
1.38696364115506
-1.3630710317888
~
-0.696921730228759
-1.62801821762926
-0.712752268752376
-1.37359078124685
-0.673766816359623
-0.782718046888958
0.888904582410678
-0.666704328793554
1.24922769776375
-1.14969768121622
1.38803828606484
-1.36290076526665
~
----
@Two hands zoom in
-0.592538200088977
-1.77054299059498
-0.618327581353367
-1.55914921108644
-0.615389883119329
-0.88574756815937
0.309508587411463
-0.731881840329046
-0.154681825384711
-1.17211819061709
-0.353110502704761
-1.31680247429852
~
-0.590149419565393
-1.76556139693022
-0.617599582845106
-1.55862453583869
-0.614699210645069
-0.885882990613552
0.312267785095192
-0.732742113569526
-0.152480229492255
-1.17066523468072
-0.352813120506607
-1.31597085681514
~
-0.588663623805254
-1.76431890599239
-0.616981044679776
-1.55896040795603
-0.614318638212234
-0.886434511727725
0.311911298200283
-0.732716512304861
-0.152006232892252
-1.17171159202724
-0.342438295170976
-1.30992274607261
~
-0.588310276156707
-1.77015234204452
-0.616608820028752
-1.55670696099226
-0.613799695986376
-0.886509660454158
0.313858910549658
-0.734211469141061
-0.15092921754328
-1.17079225296622
-0.342573788847006
-1.3108734538137
~
-0.587624270415515
-1.7716972088757
-0.616274882392882
-1.55559265733202
-0.614394801393285
-0.887232074164819
0.338124560892813
-0.702784097478984
-0.137045288488723
-1.15735826312906
-0.343245197328878
-1.31298240631805
~
-0.585441359763596
-1.7712625475557
-0.615178123177283
-1.55556150147352
-0.613974911713763
-0.886010833524705
0.323111641456844
-0.719685938462129
-0.140343470323508
-1.15845566212735
-0.343508839609926
-1.31168089818783
~
-0.584250488293583
-1.77166221866076
-0.614437120535408
-1.55478827292854
-0.61379614693526
-0.885551609910526
0.321170886282929
-0.722492206602508
-0.141913383811723
-1.16153985087534
-0.343759287476414
-1.31262209079546
~
-0.584983012156339
-1.7679429798801
-0.612930880109881
-1.55397608592687
-0.612358462039988
-0.884879205087853
0.32100148274479
-0.721540764077736
-0.141106492385399
-1.16062138494372
-0.34275936294374
-1.31181926819009
~
-0.589231718826506
-1.75460220843866
-0.612595149686444
-1.55107727942881
-0.61200507808354
-0.884413864373683
0.3402586825553
-0.692119863104071
-0.129680845922868
-1.1511345553908
-0.341318195530435
-1.31301530592322
~
-0.587408955146067
-1.75859144199174
-0.611892222061389
-1.54894349823781
-0.612078035047881
-0.884457381128624
0.34436261921887
-0.702766796397517
-0.12182060291969
-1.150817521174
-0.32530382144773
-1.3096718009089
~
-0.585078904671621
-1.77078906427504
-0.61060010499381
-1.55007457120282
-0.61177753232931
-0.885256887919917
0.345112155612116
-0.715839627052974
-0.100046368643538
-1.15266452056844
-0.288620659210708
-1.30355072283236
~
-0.57827293104236
-1.76621024113184
-0.606195400371856
-1.54057239144812
-0.609536399101579
-0.884201342514259
0.378575995684951
-0.709332701167004
-0.0371059821387398
-1.12889438400281
-0.245890439578258
-1.30215860396682
~
-0.570779034583054
-1.75212440727581
-0.599768927268681
-1.52357178959377
-0.607254616049604
-0.880458340980973
0.4941285820338
-0.638378681211474
0.119390217170571
-1.02920109391854
-0.0683439528939603
-1.20708828504256
~
-0.56661112603319
-1.73027350868828
-0.588643531164003
-1.50391482221972
-0.602194113465654
-0.873329671182317
0.556853608591685
-0.592011024069987
0.248897643016016
-0.95895604875137
0.0724537145553104
-1.14662406091709
~
-0.564257766145099
-1.69454413863171
-0.581684872752345
-1.4744374692154
-0.59896720773515
-0.861117906760277
0.662685413635311
-0.506971654362118
0.405183896818409
-0.835043185522334
0.282590075847278
-0.972854300528622
~
-0.56146075629302
-1.66826818924972
-0.575267190017277
-1.45708793634437
-0.595562352872312
-0.85387850564971
0.783253561117641
-0.345229560003759
0.589880215106734
-0.688695940183971
0.471493896352213
-0.825715771841692
~
-0.556987717951055
-1.65693646254949
-0.573792303490186
-1.44940378680384
-0.591403964855106
-0.854381812624837
0.83822675507444
-0.244888684495388
0.771959646361174
-0.496283432152299
0.698740083561811
-0.637900635184489
~
-0.554927672233361
-1.70477844877069
-0.5749735927473
-1.45717180517136
-0.590611582786851
-0.862571871222035
0.91462477491746
-0.180770952444636
0.982914178686284
-0.308176142469677
0.937261931550585
-0.39854717482841
~
-0.554377254293016
-1.68205374998639
-0.576651341287836
-1.45693848019205
-0.589777693539862
-0.864446309074757
0.95616269389109
-0.142497085204284
1.0970594076292
-0.0998854445765157
1.16923758888172
-0.102964801962809
~
-0.54691643827352
-1.68321898167721
-0.573853572349578
-1.44038773046992
-0.589703185496576
-0.860133138847734
0.992996533286291
-0.0151341224962358
1.23002992395536
0.0505966403539465
1.33141522179434
0.0920335204083654
~
-0.54441732603435
-1.66946522681166
-0.572834633201183
-1.42857315252251
-0.590923760105144
-0.855672500590994
1.07544613532167
0.0991159225744561
1.35648855520684
0.253107109601752
1.46779611892859
0.309830481867026
~
-0.542537963906139
-1.6644419754692
-0.570180837507159
-1.42428323120035
-0.58996192784942
-0.856322740046944
1.07574316448028
0.191090319417577
1.41998679094611
0.42167886240337
1.55929502621683
0.515981304118532
~
-0.543160762324656
-1.66059353147364
-0.570391492568763
-1.42086676703541
-0.589255782280231
-0.856714523516129
1.08948231659567
0.282970160323124
1.50657434932777
0.617679147804517
1.66837961126871
0.741083714185067
~
-0.540955269831051
-1.65346490272623
-0.569919183498626
-1.41609321589984
-0.586346297209136
-0.85406768809262
1.08383654636492
0.374914158420707
1.53187112265264
0.73707333520992
1.71000989843121
0.876190418674965
~
-0.518728213270179
-1.57151779790285
-0.570565939589717
-1.40855176878344
-0.579919646029454
-0.848104546497396
1.11913837229477
0.481880265406695
1.57164718681521
0.880674657653688
1.75702805916085
0.994747754278082
~
-0.522662542961333
-1.56927063828864
-0.569092480125274
-1.40370358159909
-0.57622744478786
-0.846251939588414
1.11673614774249
0.533058449546278
1.53526341268602
0.904943937726294
1.7341827772541
1.02954555693236
~
-0.523650782735307
-1.56933583694616
-0.566244020816406
-1.40237102321867
-0.571398378551252
-0.846474060840194
1.09981457654665
0.549334822146645
1.53325735826909
0.905841385113117
1.73716894189599
1.03212592739996
~
-0.543504496666716
-1.57388229312189
-0.567617614045222
-1.40439435412224
-0.569969069381693
-0.846145427509222
1.07971308464757
0.54692812641125
1.51729551965472
0.901246123933802
1.72690105686768
1.0189471314014
~
-0.54532560358537
-1.58011215414778
-0.567576927605154
-1.40823344748843
-0.568193349419215
-0.848898186032917
1.07717792761855
0.542180784346085
1.52105449761205
0.900941998383711
1.72962113364304
1.02026254098648
~
-0.536604428533536
-1.58281231249945
-0.567261495480587
-1.41025095162283
-0.565529046722289
-0.850951112753127
1.07487647678609
0.538485712289297
1.52024574334438
0.894440014103731
1.73114297390334
1.00971823499009
~
-0.541130148194913
-1.64933460026473
-0.567013203501409
-1.41135869988404
-0.563797985795718
-0.852301917972019
1.07258844947278
0.536794992342004
1.51912524079411
0.889834902232156
1.73211656826007
1.00088204825905
~
-0.537390163670642
-1.65160083641899
-0.566711173354378
-1.41352643454111
-0.56402806520965
-0.85376438145474
1.07231394189622
0.535182394192032
1.54991010026383
0.896473178914194
1.76257766804832
1.00855032832711
~
-0.537709944599607
-1.65257388807302
-0.565144534822152
-1.41407973351472
-0.563301781626486
-0.854180096288743
1.07299756097191
0.534647770951523
1.54144123750066
0.891107786690157
1.75549774043348
1.00043588368039
~
----