@Right hand swipe left
-1.32503088561521
0.82778209428467
-1.21733367343144
0.617673570816153
-0.991698585475138
0.224066508349271
1.00188142855795
0.155811830907481
1.41152307063872
0.701777700313535
1.46759111771003
0.79599471351299
~
-1.34422604950567
0.78628540471656
-1.23733577780287
0.611705735567692
-0.996509438840571
0.228675035636321
1.00681379283071
0.159804913359842
1.4081967570138
0.684202970229593
1.46928166701311
0.784583128141113
~
-1.36787680255426
0.800174883324412
-1.24455114776973
0.605117495105999
-0.998311982989801
0.229922541175407
1.00900728944155
0.162818203185643
1.42099156801155
0.696676717333563
1.47859960671093
0.780527169786218
~
-1.37101057181829
0.799469391528058
-1.24340140475232
0.589347403989781
-0.995166102686357
0.220391681918065
1.0099276875861
0.165048462847888
1.42234561922455
0.69954154961502
1.47794023796124
0.776362385193338
~
-1.37287840774349
0.79970696320234
-1.24617440764349
0.586130302437861
-0.99691065611559
0.220827434121118
1.01185989594218
0.168642443048434
1.42156897599192
0.70195489584913
1.48033991837789
0.779887795821195
~
-1.36016503925974
0.776031813057017
-1.24020424389091
0.571863040550423
-0.988333672989827
0.200276402777894
1.01263255589739
0.170446254269565
1.37387591162908
0.644974789443046
1.48121965001269
0.783305275302893
~
-1.35296747178561
0.762613055367031
-1.23405033526275
0.560343551380739
-0.979900855704991
0.177172292433868
1.01111121206742
0.172096565012736
1.41307643373126
0.704265046962174
1.48168223870394
0.790426510084543
~
-1.35325727932379
0.757062933502213
-1.23593669108975
0.557168454185027
-0.98006804600181
0.168907041220104
1.01123799275023
0.172415709356161
1.41674107587053
0.711375830258682
1.48137225611766
0.793692195652418
~
-1.35810979275734
0.759752348158254
-1.23825809635824
0.557217743280716
-0.981983899893088
0.167027047743473
1.00645053399307
0.16934370551655
1.41707386803227
0.710905227841358
1.47511467010022
0.784390727423348
~
-1.36972828397408
0.771769402723722
-1.25239266235839
0.573592279209982
-0.997765270592949
0.20593800423408
1.00688998503926
0.167223880386115
1.43995283395229
0.707771096632799
1.47988763684159
0.782367740806512
~
-1.36542372032256
0.764197425633019
-1.2433923520689
0.55863054416226
-0.989130555681854
0.18184385226227
1.01343637578794
0.170497455975728
1.38066201942537
0.631698414397637
1.48109511508093
0.781060151840681
~
-1.33878313837362
0.714083336275778
-1.25499369761747
0.572931692675495
-0.99767545162
0.202955075487022
1.01461374026691
0.168907338641587
1.3792035398694
0.631937289609602
1.48307285168582
0.78179201075248
~
-1.34799015908537
0.734872870350783
-1.2497670507613
0.568855306543277
-0.987623894737544
0.178315371236475
1.01342755525371
0.16356635579233
1.38079680122418
0.634434214333266
1.48035703637741
0.779856621191678
~
-1.37801104812036
0.801247906681613
-1.25509159512
0.581364843902527
-0.998708664348812
0.20824682613912
1.01806669174894
0.166069659279758
1.37225164166636
0.626073891424427
1.47976711894866
0.7807025318797
~
-1.38133981548111
0.807565664650129
-1.25950247101345
0.596328215598807
-1.00286113508119
0.210724848955161
1.01472851525078
0.162809616361655
1.36795630762908
0.624107171212485
1.47778318817274
0.779330937207817
~
-1.38131288400523
0.808311318441137
-1.25910540897935
0.598520060698575
-1.00478611038843
0.213735311882011
1.01274349845958
0.159771076740388
1.36562966970949
0.626099971650495
1.47514395846704
0.778741901402567
~
-1.38203114891551
0.811140513121511
-1.26011230219171
0.60148323953965
-1.00736775266197
0.213310219331225
1.01078555700337
0.157860896613766
1.36122136771252
0.622660819079178
1.4738351329486
0.778428061417511
~
-1.38186931465789
0.81107189453935
-1.2602918927213
0.602414045308854
-1.00965613345208
0.209994666320871
1.0075389116403
0.155664350213138
1.35806189738063
0.622464897572857
1.46967219742758
0.77591547488865
~
-1.38177405197119
0.811892692733511
-1.2609204264413
0.603255423024068
-1.01251006347607
0.214854225585134
1.00524791422306
0.154060397778787
1.3565510491718
0.624693658277679
1.4667952469787
0.774369258937304
~
-1.38701357981616
0.822121767826207
-1.264161696615
0.60986366036509
-1.01521827603563
0.221781646620674
1.00407120497875
0.153086903482036
1.378846614617
0.659563606900596
1.46567564685395
0.773489949423126
~
-1.38700291780373
0.821523252477083
-1.26399044269976
0.608957302514708
-1.01693734003944
0.224779295726944
1.00174911660221
0.151781043134576
1.36708612392318
0.645799051260993
1.46282598785645
0.771335154061341
~
-1.38742487090766
0.821577562831674
-1.26398704376649
0.606914439045901
-1.01829776870958
0.22668995225538
0.99931544734996
0.151212562010768
1.36220361245499
0.642125482556951
1.45981844851768
0.769518936225031
~
-1.38745227054375
0.82203782189884
-1.26366671378246
0.607390607022753
-1.01853272922647
0.22709275630198
0.998836090823246
0.151999226370316
1.35841123312504
0.639591068871554
1.458832833333
0.770404327575901
~
-1.38571515370053
0.820089263728558
-1.26066986868195
0.603516663072891
-1.01649730897378
0.20647178955561
0.997676760075161
0.150372192054435
1.39556412401047
0.690239725586936
1.45567574561885
0.767400464814253
~
-1.38445006151609
0.819129450502073
-1.25954427087291
0.602925446603746
-1.01436018723093
0.202804127753021
0.995781844720241
0.149096290542767
1.35579455846292
0.640960658726092
1.45272123043875
0.765804514665199
~
-1.38444594288404
0.81920956223923
-1.25959788682935
0.603399618067881
-1.01425769445783
0.200657465961315
0.999979962229957
0.156078444889713
1.35341636836588
0.639274277297785
1.45580032405806
0.772044129389847
~
-1.38366391272101
0.818491013888799
-1.2578839070103
0.603309067649157
-1.01373241029962
0.198625073547127
0.999654239541857
0.15640924285337
1.34936600911079
0.63401810251704
1.45493193951537
0.771597807748622
~
-1.38456951666711
0.819957395117686
-1.25870255991707
0.604212632031187
-1.01472790520156
0.210119656371799
0.999404891991438
0.154473849148237
1.39899856634104
0.698159657985353
1.45467084046753
0.771721468081663
~
-1.38410821380707
0.819640738229135
-1.26011687704444
0.607170965397349
-1.01349888233269
0.204967280649061
0.997825347247508
0.151487349662796
1.36260052264794
0.649997613742168
1.45249575158818
0.770288134477443
~
-1.37178238447215
0.799731689554216
-1.25979278436458
0.605661738910505
-1.01394123638476
0.210120371157466
0.997250148501868
0.150713087932322
1.35584749621691
0.64204256888566
1.45147566316087
0.768856916999744
~
-1.37453934603814
0.80301060481154
-1.25680999554976
0.597842942692891
-1.01311061856696
0.203698209311676
0.998633480140319
0.156057206123528
1.34910407129328
0.633788161223595
1.45254956083975
0.770817124053402
~
-1.37395288629553
0.802936267501413
-1.25643708670093
0.598155172929493
-1.00992696640776
0.196734355798537
0.999576612855892
0.159686349678438
1.34722313931011
0.632072148200154
1.45242338072774
0.771762674481716
~
-1.3750059298767
0.805320657627808
-1.25388557128407
0.593798854842234
-1.00973837011045
0.195332513820168
0.997232054622547
0.157513901269192
1.38482991482602
0.683573864778917
1.44877736368181
0.769320778359692
~
----
@Right hand swipe right
-0.772828971840434
1.51830551244009
-0.758481937269288
1.26450281965084
-0.73182639376235
0.57636749352622
0.849375058811406
0.574306330610864
0.944532394846434
1.18715950673196
0.978298278741173
1.49288536324321
~
-0.772150617191905
1.52336628506256
-0.759811621637889
1.27127467075643
-0.732579466329618
0.578052305947421
0.849286642236506
0.575024949221665
0.943641114697884
1.19034735564352
0.976322064900858
1.49686846194426
~
-0.768025868424213
1.52184963876352
-0.756375525684006
1.26983654209161
-0.730009771536713
0.576004384155431
0.848209839445013
0.572651140054472
0.942085477779898
1.1885703789318
0.975157932667458
1.49393633976188
~
-0.76440363390248
1.52271928992455
-0.753842681273036
1.269468058084
-0.728753114737172
0.574690712325909
0.846898022006844
0.57197905392827
0.941616028059152
1.1886534931543
0.974486337082619
1.49344543753762
~
-0.75175704960053
1.52503870176041
-0.747323941964928
1.27101172441671
-0.726532622591577
0.575664621997845
0.844166579857495
0.572944964256557
0.93951430917623
1.1887112753264
0.972389247390313
1.49226625701184
~
-0.735739665561518
1.52352877240433
-0.736401587652229
1.26839764458382
-0.721895789769096
0.577055014877434
0.841652547122531
0.570834016634187
0.936164941698017
1.18778619626495
0.968412718665675
1.48943451709709
~
-0.725228317972345
1.52618081115476
-0.728215917926994
1.27026514695952
-0.718633313931786
0.580034871021852
0.841410295228866
0.571546509402263
0.935251415627976
1.18968923302382
0.967795792700608
1.4914261312087
~
-0.71520489886042
1.52815421082974
-0.721090212394972
1.27220659446506
-0.714916281089251
0.579537844974428
0.841428041670409
0.572483020456666
0.935111251896258
1.18944690491059
0.966468910766391
1.4895638435715
~
-0.710317897586141
1.53426600453004
-0.717808508479765
1.27822866556475
-0.713888983630347
0.579980461883882
0.842447496860298
0.566682785480987
0.936619897092244
1.19282721219904
0.967856673653387
1.4950838244832
~
-0.707535988728805
1.53737333767092
-0.713222504081633
1.28006990970213
-0.71239857639734
0.582711948148746
0.840931826850461
0.567138566436137
0.935254904383622
1.1955524542398
0.965948231096679
1.4979535874033
~
-0.705348135483165
1.53488545824962
-0.708772431782012
1.27699341284197
-0.683335045581066
0.608924127367013
0.840507854585947
0.566479223592761
0.93443840933076
1.19534177827286
0.965148597278823
1.49872268248105
~
-0.713412606741318
1.54553079008818
-0.714923722210997
1.28541296333552
-0.699522689485327
0.587738783493408
0.841416802762454
0.570133474399866
0.933723239387112
1.20571982026813
0.965975447075592
1.51096514514327
~
-0.72172055873106
1.55368124197128
-0.72146041722527
1.29065961740854
-0.710645035474961
0.584263000650158
0.843007165839872
0.568546194674719
0.933163055112204
1.21047715408309
0.965014343814006
1.51919179261506
~
-0.726364636393826
1.56078514101324
-0.725832800297855
1.29746425228186
-0.713557334925156
0.608777837332978
0.844937022977667
0.570791851209583
0.934509449613563
1.21761206007369
0.966078852569655
1.52860663407747
~
-0.724409986006855
1.56302253734375
-0.724731146706108
1.30122232286009
-0.715590960090151
0.590397963248253
0.84720158972094
0.571144376602196
0.934742494773442
1.21722105466387
0.966008314780946
1.53169882009255
~
-0.72528000140129
1.56159993920085
-0.724761565631786
1.29872143667262
-0.720031691118429
0.583050979468586
0.845794318774916
0.565130079538431
0.931368442379334
1.21065288954035
0.961963731134444
1.52948723490921
~
-0.728092227770469
1.57036811776469
-0.722861830711064
1.29862038825043
-0.724568376678423
0.583668876812191
0.850493865981276
0.567689470686729
0.934779830975457
1.21741611458514
0.964787067970346
1.53831032924552
~
-0.727596305193859
1.5724498212262
-0.723264505849797
1.30128358895678
-0.71254150198727
0.626422805414115
0.850208413441231
0.564210451874308
0.932931453758065
1.21728360123607
0.962716589030761
1.53969358264552
~
-0.720660068128251
1.56367344996848
-0.717570620642465
1.29485955739891
-0.711807222651097
0.59728670605738
0.84732534246932
0.560281649429272
0.929131560064404
1.21003119650202
0.958835885328535
1.53118767294543
~
-0.72097896973246
1.57190570420065
-0.717929253172982
1.3024131275322
-0.716333735469915
0.595159059518168
0.84938490944006
0.563811407427796
0.930573983060029
1.21601962190427
0.960146744901169
1.53915981135588
~
-0.710445684240083
1.56935661986117
-0.70687452547314
1.30565475839229
-0.709095575409848
0.587350788987328
0.849003543836192
0.565673799047021
0.928645553760681
1.2169651687942
0.959129147535386
1.53761844511185
~
-0.70899262039165
1.58762576716164
-0.703349329020438
1.31164604625535
-0.716071503245818
0.587973346988952
0.850530911556375
0.57768364015987
0.92993603801247
1.23288484946293
0.960817996407543
1.55454520021798
~
-0.706812520873758
1.59044339483458
-0.70067739158514
1.31167923520026
-0.716850202215294
0.586611608783448
0.850191048236493
0.579055801063302
0.928349799423293
1.23491961491546
0.960295786936721
1.5564513551878
~
-0.708852110936723
1.60123280567315
-0.702874219606165
1.31933567819758
-0.722295329876464
0.591345661009332
0.851610492956345
0.584612660340034
0.929644632800541
1.24333923592085
0.961832180992175
1.56679942168762
~
-0.706527192396909
1.60529053425076
-0.699884733136781
1.31983758262896
-0.721805496059851
0.591669100713809
0.852795804107675
0.586655787153885
0.930266595484069
1.24518570464709
0.963349529515755
1.56969344618186
~
-0.705580336350014
1.61407612199304
-0.700146644936892
1.34286393039818
-0.723349948831936
0.59693481752603
0.855359580263115
0.59121955821771
0.932403994555536
1.25202549243054
0.965577216569171
1.57758903041935
~
-0.701710992011247
1.61188849801352
-0.696729304836567
1.33324569608388
-0.723800093674237
0.594334201775669
0.85325324252162
0.590235570609407
0.928317662285238
1.25091543535256
0.960290268901688
1.57394221523234
~
-0.699948529587853
1.61238369020389
-0.694693322038978
1.32933420625666
-0.724128474578021
0.594526527796366
0.854690586432181
0.592649957706601
0.929362244589303
1.25537676776948
0.958182255780315
1.57608779452711
~
-0.698958638522537
1.61113594574845
-0.694614851214036
1.32653998687015
-0.725230440379334
0.59330375402055
0.852356148020822
0.590957962152552
0.926231154801542
1.25393123029781
0.95445207275113
1.57387070897155
~
-0.697195962261064
1.6123435469898
-0.693939829414072
1.32597446405123
-0.726441857266975
0.593173826677893
0.853542011191428
0.591522457617568
0.926548364996321
1.25583380560363
0.952956238266223
1.57478459637909
~
-0.690314570290706
1.60732404078937
-0.689716981033292
1.32311416694503
-0.724118882096886
0.594356983546151
0.850845018610761
0.594489537385989
0.922662927870845
1.25384291327119
0.950074717581563
1.57302345051726
~
-0.683797000787025
1.60400969332543
-0.685271358073966
1.32099309102023
-0.720505109243217
0.595673350474998
0.84969970742264
0.593336137355114
0.921730342331711
1.25127815467136
0.948974761573582
1.56979233875137
~
-0.673654359223052
1.59494617763342
-0.675448091853799
1.31242164640865
-0.711689325815987
0.592192089732916
0.849990249756351
0.589753446494525
0.921627550149573
1.24394133751546
0.948605487545283
1.56079253726757
~
----
@Left hand swipe left
-1.05233456647213
1.29077390212572
-1.01525888136844
1.03081344751527
-0.878247207936037
0.423476588920849
0.941545355624865
0.415620847412516
1.12423313864007
1.01728599987636
1.19667234236471
1.21757930844147
~
-1.03149760650899
1.19461301001991
-1.0137368730191
1.02885757425099
-0.877383172510509
0.423605495771268
0.938723591835668
0.41459709778442
1.1230480741932
1.0186453117608
1.19450139273503
1.21716476481381
~
-1.02996631150159
1.20027956622859
-1.01354356208133
1.0311804881435
-0.878042689412517
0.42388531072072
0.938977770769272
0.416736927287456
1.12238977638241
1.0220329833494
1.19351779097357
1.2197528781667
~
-1.02802023596938
1.20622799044309
-1.01263117554102
1.03363076756273
-0.877564934184428
0.423813827097449
0.939824695895601
0.418480218004896
1.12213501825553
1.02232845223528
1.19241384358521
1.21942789962635
~
-1.03783577373387
1.30188989655248
-1.01089733185343
1.0352101520334
-0.876798212776609
0.42522532622585
0.939917159522024
0.419721190554182
1.12202429466312
1.02368654856289
1.19214461427391
1.22061267676382
~
-1.00933531155995
1.20873615313677
-1.00767813256306
1.0399996405053
-0.876067311059707
0.426982000598986
0.940298691431139
0.420395737417419
1.12264745412083
1.02624844535725
1.19134872557418
1.22148187209478
~
-1.02354559596188
1.29740718882916
-1.00553215700435
1.04396641460384
-0.876925796359777
0.428883268460713
0.939008256267564
0.421710531530038
1.12258948893842
1.0293639071989
1.18992581708161
1.22312064706614
~
-1.01532285560918
1.27437255848132
-1.00288032111822
1.04438090272238
-0.876314306730122
0.428552901980478
0.939258162467058
0.422334484148628
1.12201812788322
1.0295515094154
1.18875851859346
1.22314447054431
~
-1.02043045933304
1.29768539420461
-1.00039261468279
1.04531443714203
-0.875140588207108
0.42879410755184
0.937732473913779
0.421450090677433
1.12147082985683
1.03049539924019
1.18781759836708
1.22307169405492
~
-1.00642789494312
1.23413515266608
-1.00049019078165
1.0472671569267
-0.875932212950252
0.429505817705563
0.936710239701063
0.418957041355439
1.12195047256208
1.03242313411103
1.1872948693201
1.22279726342536
~
-1.00329270938966
1.22159357687849
-0.99935729741025
1.04653991788033
-0.875102696089504
0.42881760069549
0.937494864714999
0.416765585626124
1.12258875148425
1.03232357114063
1.18657176714074
1.22085045462995
~
-1.00273125859027
1.21679091980474
-0.99857289254144
1.04625250048096
-0.88885305862899
0.417931724620937
0.937099619322338
0.413727745369324
1.12266310602146
1.03166596587118
1.18626878756435
1.21882739908606
~
-1.00330624097127
1.21622441320235
-0.999053385056347
1.04751426272365
-0.893416536211663
0.415516031018715
0.937846525363395
0.414287740894084
1.12362989906684
1.03196767890839
1.18803959252622
1.2205903147832
~
-1.00386957205613
1.21886203962967
-0.998914946518231
1.05014531806407
-0.8896838804869
0.420142615978803
0.935614861784701
0.411284172074206
1.12393908949928
1.03242127341503
1.18789251524697
1.2199131677887
~
-1.02085654384751
1.30382201126855
-0.998431710195746
1.05092807485397
-0.886329132902749
0.4234886871967
0.936634442544785
0.412805201476264
1.12412430242208
1.03257356627439
1.18794072961354
1.21982059912198
~
-1.0034257688047
1.22667180770474
-0.997216207827367
1.05333424046686
-0.884395809473799
0.424533000584093
0.935611519601446
0.411932831402401
1.12342283455191
1.03253213513251
1.18724653380843
1.21988789656413
~
-1.00615236944841
1.23487600786433
-0.996174912055536
1.05372843064542
-0.883047207277534
0.424724765970302
0.934711113188217
0.41032660779941
1.12315033713726
1.0327687911487
1.186987675717
1.22013326296653
~
-1.01255916622866
1.28028324153012
-0.995047010254408
1.05511773225795
-0.881811808423416
0.424631864317125
0.935782914168053
0.411182440623625
1.12246872149729
1.03325203197581
1.18604419111843
1.2203699531198
~
-1.00383313270848
1.23451660976421
-0.995415353576247
1.05497492063682
-0.881248933075008
0.425040426096923
0.935022447002443
0.410698210723482
1.12183859758678
1.03328348129294
1.18558367756484
1.2205633162555
~
-1.00193641097967
1.22671433646941
-0.995438976177781
1.05795550021696
-0.891401907590236
0.417905432540753
0.933671985289308
0.409857272673378
1.12095395099248
1.03273661572403
1.18512950651492
1.22080711106503
~
-1.01781190582404
1.29621408584973
-0.994566779812821
1.05596301983755
-0.884436146503336
0.419240517198598
0.933643485617663
0.409048180669517
1.12058881577795
1.03247325029256
1.18452067914719
1.22029630444772
~
-1.02024615179056
1.30779416051028
-0.993823006617981
1.05565824005753
-0.882340409295989
0.421503373562966
0.934907142932465
0.410966499221439
1.12040119109564
1.03382735070323
1.18429443749961
1.22122574828815
~
-1.01100108754566
1.27884866535835
-0.991828375622903
1.05284476253332
-0.879200342395136
0.422109883294691
0.933934160430367
0.40787873863224
1.11983457794469
1.03282949970087
1.1837425726923
1.22013838037757
~
-1.0079193596265
1.28985837826977
-0.989444203823245
1.05279004352409
-0.876870670756308
0.424011085319314
0.932998086032546
0.406224109509853
1.11878304159713
1.03189981295387
1.1826258065503
1.21860830792167
~
-1.00759114831408
1.31240589430703
-0.988298844451682
1.05496418645838
-0.87472873125104
0.425501569237993
0.933571412252261
0.404911716821908
1.11880724458248
1.03207109333057
1.18272001907482
1.21891504513854
~
-0.999690062742806
1.29239829966418
-0.986502918032563
1.05990125239228
-0.875218855268006
0.428477633343104
0.933770116130292
0.403890842565062
1.11916059842063
1.03195069472854
1.18332721391759
1.21929024672033
~
-1.0038994909876
1.30515409727881
-0.986780573984533
1.06659196223574
-0.876421125358756
0.430924451418383
0.939020761192564
0.410548041291077
1.12190619443181
1.03742294660939
1.184068388271
1.22215300502221
~
-1.00835191118556
1.32386549164692
-0.9864097256713
1.068476428253
-0.87556135892691
0.43213254322484
0.939694887595559
0.410002695471236
1.12152939254258
1.03659054662472
1.18370109078867
1.2218107267146
~
-1.00354008596516
1.30695909527984
-0.985942774140871
1.07067922678054
-0.874256589625155
0.433878158592421
0.937824497141716
0.408360828847278
1.12146059862395
1.03645669097784
1.184016140646
1.22195617494762
~
-0.999050997761853
1.29484876854238
-0.985292135721044
1.07141906708649
-0.873062559431519
0.437166102359885
0.937243553212199
0.409570192117016
1.11891994221939
1.03380752861053
1.18258402274784
1.22139087258867
~
-0.995793546833808
1.28899161808028
-0.98379145924665
1.06959657675938
-0.871822069005324
0.438847139758659
0.937823088083546
0.411972132004233
1.11804615375187
1.0331877872739
1.18172593855882
1.22103165780539
~
-0.99234380760108
1.27973803609888
-0.982233685076406
1.06859496049422
-0.870757545437779
0.439767467271224
0.936458647040876
0.411387989921429
1.11712707013525
1.03327168736376
1.18109104578191
1.2218575204445
~
-1.00277410834532
1.31187626182112
-0.983347133811984
1.07367373611667
-0.870473697342028
0.440208221843715
0.934944699318069
0.408153742406633
1.11675593759527
1.03371431991889
1.18020579297078
1.22120407616269
~
----
@Left hand swipe right
-1.45714740282416
0.467007766458512
-1.29540184408312
0.289857980775987
-1.00566577502782
0.00461173950709236
0.992635146573588
0.00115948167556423
1.36896613793236
0.308255017791425
1.6005262667014
0.485412388343003
~
-1.45351757721755
0.460490605921115
-1.30083072663385
0.29251385899325
-1.00574722724762
0.00399497760123319
0.991599622728485
-0.000217109160947238
1.44207366807521
0.339114698671719
1.60343778114555
0.485910811649557
~
-1.46896542689993
0.473497154415029
-1.30388748477836
0.293334636675957
-1.00685510580124
0.00473940572241951
0.988313123617698
-0.00403606806019603
1.37058440551788
0.296521684257719
1.55742121347654
0.423827683589658
~
-1.45342608125201
0.446758998197587
-1.30494247642588
0.291089308255315
-1.00846608292616
-0.00165039925113983
0.985314409896404
-0.00678324730987899
1.36748133308694
0.293368814296249
1.59418262488275
0.452394445246958
~
-1.4611793673264
0.451345273096973
-1.30526485650223
0.28832271486634
-1.0094437182981
-0.000757150720872699
0.984551240106277
-0.00750699171787173
1.36651639606976
0.293641588267336
1.59983623565029
0.458993326283413
~
-1.47351314669852
0.463393651219537
-1.30551967464996
0.287190367659437
-1.00959318684633
-0.0028617056046617
0.984260517397525
-0.00854721626141656
1.38945643711363
0.302159000538076
1.60070658835274
0.460879124942919
~
-1.45716643710944
0.445711293025017
-1.30658132171591
0.28712454223348
-1.01035606197755
-0.00265247144974899
0.983817828213969
-0.00847208767527609
1.37395954702846
0.294813557972758
1.60261739729403
0.463663466566306
~
-1.46966214030257
0.459182249222917
-1.30645883157155
0.286175862330749
-1.01027162951299
-0.00251232695208846
0.983496664257621
-0.00938937609446448
1.36416214226162
0.291288365051748
1.60292344475398
0.464453595375739
~
-1.47336908004391
0.464815943873445
-1.30579802586078
0.28539653851924
-1.0096964381593
-0.00270963073697164
0.982476896283028
-0.00904174674131434
1.36590658095702
0.291481210215708
1.60355828802911
0.465480961306021
~
-1.46093831223279
0.448113244568858
-1.30660116612023
0.285651942660405
-1.00893494004446
-0.00251491006189355
0.982934606876642
-0.00855301505435274
1.36866416539528
0.292289943597929
1.60314530904145
0.465663034566035
~
-1.46935952350499
0.452706663328542
-1.30795764670756
0.285512130667838
-1.00919630501771
-0.00114848768687386
0.984577379404081
-0.00863047601726586
1.43707009859363
0.320261574033062
1.60312057381019
0.465509172895935
~
-1.46720843313645
0.450785245817999
-1.30840042845178
0.285884877866775
-1.0105436618163
-0.000108141276440824
0.984088497386531
-0.0086164433106019
1.39579441890541
0.299482242516345
1.60337025420522
0.466201610883482
~
-1.47696717683916
0.462980074482066
-1.30875985870221
0.285813648897793
-1.01141352864849
0.000908533503397439
0.983957082876513
-0.00942158631344927
1.37747721057245
0.292715164268252
1.60222569664394
0.465777581002274
~
-1.47798662782819
0.466338040101358
-1.30995033510214
0.287092177029069
-1.01207195375758
0.00306853728399649
0.983569111132161
-0.00861101617071963
1.37898583905657
0.29490103875222
1.60259681191023
0.467580337502363
~
-1.47950149781285
0.472411840408204
-1.3121097791036
0.290290731098435
-1.01180196203305
0.00464867452688731
0.982320483964143
-0.00790570437630641
1.37830580442904
0.2957652806439
1.60146230460601
0.468039354628471
~
-1.46983968610468
0.467684387301301
-1.31173995412763
0.291262600129887
-1.01191686686725
0.00621874609410905
0.984051695520552
-0.00724569792070752
1.37660741693369
0.296123139191076
1.5978982025063
0.466470051049181
~
-1.47552632002692
0.47637949631489
-1.31294967357032
0.293330253263814
-1.01120587423197
0.00675315425003312
0.981917645125236
-0.00753214585792054
1.37472626982029
0.295523090065143
1.59629384943085
0.465507678197677
~
-1.47842131073731
0.480896746074512
-1.31324240022779
0.294262821328373
-1.01125513491654
0.00741366279039459
0.981257193446668
-0.00764223943725206
1.37388228744928
0.294854772212712
1.59375294577207
0.463040992591867
~
-1.49562060404756
0.49826874076727
-1.31335968459498
0.294740571719615
-1.01255156239595
0.00987207930206196
0.981156117958208
-0.00765861022675585
1.37228013748286
0.29390640029022
1.59062528288799
0.460030300552671
~
-1.46422736705414
0.466222466279794
-1.31699061972117
0.298668007092677
-1.0143692377489
0.0109009265663196
0.982016987111217
-0.00716458610898833
1.37371816125284
0.295092025495914
1.59109227015654
0.461027182540694
~
-1.47139883908916
0.476335883243018
-1.31739194947566
0.299949636584116
-1.01437811787932
0.0128524714544032
0.981860305251922
-0.00601020403335241
1.37393518854985
0.296294314994015
1.59132514016418
0.462645290306049
~
-1.48088846954949
0.486171787856573
-1.31792306286469
0.30005754828834
-1.01490819322948
0.0125670244868024
0.979580789051813
-0.00690270814124518
1.372083152161
0.295742967852549
1.59160985991126
0.463724640192699
~
-1.48509358066194
0.488858976391998
-1.31695668450582
0.298619958508409
-1.0148288068554
0.0118887703238871
0.977203407393547
-0.00762778946845378
1.35910908164888
0.290076672367537
1.5929952177137
0.468757981835723
~
-1.4844265589647
0.482639854515012
-1.31765732447508
0.297193537145788
-1.01438685381893
0.0111671604958563
0.978085459397518
-0.00740793894060652
1.35889721752349
0.289080351552252
1.57730489992631
0.451434597471128
~
-1.48065272777765
0.456701588733064
-1.32194053541548
0.295185085687957
-1.01434625977153
0.0101854914819201
0.976487184420928
-0.00768862118457636
1.35853596283866
0.288343433040794
1.48532021637198
0.3665587088242
~
-1.50459932473788
0.470929960354711
-1.3273751408545
0.295219546717695
-1.01589311979711
0.0102239731862696
0.975184454148213
-0.00826895965314402
1.35838842394687
0.288599416457977
1.59002329041511
0.46171850612389
~
-1.49525008421222
0.46043199778121
-1.33011600585428
0.294149376469189
-1.01424560496703
0.00753618805951609
0.975645925789332
-0.00870604762708597
1.36319930511438
0.291525403993154
1.59086992477156
0.462771250109833
~
-1.48797537182584
0.450236617639658
-1.33040502251987
0.292791173007155
-1.01379078551703
0.00255096682018317
0.976365786868254
-0.00900253383962327
1.36369204773153
0.291461986288459
1.59076663871114
0.462432956422776
~
-1.49770344031628
0.465938641710215
-1.32952559274229
0.29074822495063
-1.01407455084174
0.00274159213014572
0.975780995704761
-0.00964705511516243
1.36310424820335
0.29142354648526
1.58984656375567
0.462069754300496
~
-1.48726940793869
0.458210728677726
-1.32754109033587
0.290388338322281
-1.01386524284739
0.00273974158726846
0.975953350585209
-0.00971446234274145
1.3604272805257
0.290750199689943
1.59025960252968
0.46292284408058
~
-1.49661635360014
0.473672823007156
-1.32634523365601
0.290631472921679
-1.01869035146923
0.00773266373891342
0.975960558530544
-0.00951821857882802
1.394271559067
0.310053257802443
1.58867930256973
0.46254034585782
~
-1.50194849474655
0.482258740040954
-1.32592237911657
0.291308205671999
-1.01617697380322
0.00824708954851492
0.977169157430788
-0.00935193673334736
1.38255435264218
0.303442615631556
1.58811275954114
0.462787527414974
~
-1.48326335687291
0.460880887309921
-1.32561016870334
0.29146846270844
-1.01644787015703
0.0085912837262438
0.97738207923894
-0.0092137222873026
1.37527582874614
0.298636751234463
1.58787846519972
0.462993894060859
~
----
@Two hands zoom in
-0.729618517663972
0.430145486858376
-0.737211418811899
0.35779920676895
-0.79885717652791
-0.156447460423733
0.818144356953692
-0.203630949218386
0.746960305251418
0.170169960942404
0.715398319295337
0.299198302137993
~
-0.728771842932066
0.430965441739527
-0.736718937623881
0.357241051523451
-0.797747241880703
-0.155279731576796
0.819827623793809
-0.194385031948685
0.746375213223503
0.176211637249455
0.71435896349777
0.300801984096018
~
-0.727771625830497
0.426182972769765
-0.736645997466527
0.353976204704414
-0.796068408429798
-0.157327161058057
0.80891463535766
-0.199102019149
0.742636839017243
0.173956402969113
0.713365369231571
0.299222158670818
~
-0.725485591921706
0.424289434118671
-0.734039194494653
0.351730993450505
-0.795912550879955
-0.15759281275156
0.812526186172312
-0.198573121951548
0.742393465696649
0.173400993329794
0.711798644770659
0.29988539789832
~
-0.72387788525058
0.425013966730611
-0.732689022839349
0.356350211668112
-0.795448516785117
-0.154926362261135
0.81358267111132
-0.197217837377015
0.742540132092149
0.174211665623025
0.711671370878337
0.300763180265312
~
-0.720497857054813
0.403912937639153
-0.664419973025386
0.155171315790776
-0.829245434240876
-0.184697208864305
0.808132973008799
-0.20677702805116
0.747034811874507
0.1530213474678
0.715177089572353
0.280977389499689
~
-0.720249517999431
0.412421947120007
-0.678345626465525
0.172574616392063
-0.815277064982778
-0.179213319216752
0.807226680531243
-0.210661405935179
0.746816782622944
0.159465372193411
0.716416670616726
0.288784878062212
~
-0.721654655564527
0.420053296682716
-0.688749122069653
0.185742907649051
-0.806472678611088
-0.173358900799516
0.812365287069423
-0.210475930166587
0.751038567035364
0.166067713512817
0.72050041401333
0.298026662655986
~
-0.722319840940007
0.421612543565451
-0.678771010843263
0.178912804142626
-0.822991572690006
-0.171122864304135
0.819225880758106
-0.203602139162951
0.753316359020189
0.169885697220886
0.721316183999037
0.299706478114268
~
-0.723107531846695
0.423657713248481
-0.666448032680312
0.168240886588847
-0.842932620511421
-0.169173747344379
0.821060589214695
-0.201354648208995
0.752445662832223
0.171598542579854
0.719724635355825
0.301939613508293
~
-0.722257549683172
0.424302423354685
-0.668170839301649
0.169333815632467
-0.843857116761051
-0.166787955558388
0.820916048206735
-0.2100663378912
0.752541802729413
0.168087455546747
0.719858787020747
0.303874171187274
~
-0.717792740258636
0.410220294716619
-0.662113720755016
0.168397995669234
-0.85487388684169
-0.163349286414967
0.823438673519708
-0.203128658484059
0.752693151273346
0.173391363186728
0.719737147024832
0.306961764150669
~
-0.714726783918115
0.41997719183621
-0.655673860784593
0.172755444198953
-0.858390420808432
-0.155716783510605
0.819023364124682
-0.202237782329536
0.746674389614163
0.179476168342291
0.715209937214339
0.312549437365624
~
-0.711827677910047
0.40820997301905
-0.655457541214622
0.171465192014949
-0.861940077436057
-0.155617342484398
0.816600724663113
-0.20688361395943
0.747017995361513
0.177901175427666
0.716426494049409
0.312876625716477
~
-0.71448869320395
0.418175613447662
-0.650512672943111
0.210544743857463
-0.843893091702237
-0.148925855541676
0.817586466777032
-0.208712000026012
0.747478450890937
0.176157332962556
0.716443081401564
0.312874706504303
~
-0.716560436744798
0.425871163496121
-0.660191539607967
0.212981523660578
-0.843117538127442
-0.148039913356395
0.818468469945594
-0.21644205022358
0.748898633607029
0.174047380036325
0.717707489204647
0.314901343144015
~
-0.717821316158517
0.428606226050451
-0.656358906925127
0.195306896907141
-0.857588397880736
-0.14877669045682
0.817715406002688
-0.219127028803443
0.747616940434257
0.173828357414744
0.716250518391521
0.316714387993638
~
-0.718058002089385
0.427023814739953
-0.671490165014018
0.2137437255309
-0.833218605576593
-0.14853600802859
0.818840428986048
-0.212627998182862
0.74521473242824
0.174521892198433
0.712616674773252
0.313882382085956
~
-0.718346625171486
0.428989217131503
-0.660031312711172
0.199210296819052
-0.850474719026137
-0.148424576831379
0.819683570432936
-0.208176755861291
0.744361144188489
0.178044664372555
0.711279850770597
0.316025717699406
~
-0.713605264325196
0.39780403005141
-0.654816185809455
0.167215192361276
-0.861372205846715
-0.175797791748101
0.820205326768655
-0.217875312603783
0.757328863090589
0.157067246079793
0.723378875244318
0.294487450951529
~
-0.713239209707539
0.415518436532266
-0.655942258296176
0.172339089659056
-0.866885188672041
-0.16419873076164
0.829495570144541
-0.20250411588513
0.758260703458131
0.17291850558298
0.723260020589764
0.306303679414062
~
-0.711052538382531
0.453042278866719
-0.651693257962988
0.207761091934104
-0.866131813857683
-0.124303245984396
0.830359185309932
-0.19285252184505
0.743816926904901
0.201953044908134
0.709177245702506
0.342160543458696
~
-0.710531300760592
0.412656452667919
-0.649975501207876
0.160925630351056
-0.866568631777668
-0.164527892932561
0.813079336956633
-0.224080494968324
0.786849397048314
0.059702940310999
0.712472741043835
0.300189650670142
~
-0.705340019259284
0.387849181443873
-0.641478930091718
0.132409563827593
-0.860217391183814
-0.188422804579204
0.795502260579368
-0.22396506411982
0.737097930296506
0.136887077821526
0.702577749283722
0.276767880473919
~
-0.713773098862302
0.442687565245445
-0.648604694313415
0.178689015866663
-0.873548166652655
-0.147239057938196
0.835315636185202
-0.211182769066897
0.779925004982338
0.114155118562447
0.726087656787762
0.329521370393599
~
-0.712274485581855
0.425503311365164
-0.648154075343092
0.160069028674417
-0.871969204603346
-0.16169628474008
0.824166867923079
-0.224244461973634
0.817324954144674
0.0839417714880296
0.721099776900532
0.313073393578931
~
-0.713029627227855
0.47121300102841
-0.645148514924933
0.237775840990298
-0.851529778835553
-0.109047116420265
0.841275749527515
-0.199559642581579
0.743233619566127
0.173563514324464
0.714348882221197
0.359124586398388
~
-0.711247687220899
0.437882687843978
-0.646231646787374
0.195802238277737
-0.854986268306013
-0.139732590528829
0.821629729596795
-0.221463714043702
0.742174924326663
0.141831225678748
0.708161972439533
0.326754081043885
~
-0.711634547521934
0.439724535503286
-0.648824293175218
0.191979988769476
-0.859771412290882
-0.14006142666967
0.821794082191061
-0.221830844280164
0.73601653153569
0.144276501732488
0.706619749191181
0.329175009097276
~
-0.711496754287833
0.460635219147843
-0.649488528507266
0.210943368482602
-0.859913566698162
-0.115244142061481
0.821823867012242
-0.20639239841511
0.70244465682046
0.188734144823943
0.695984478423258
0.350225466695133
~
-0.713901993177341
0.470848377861161
-0.683176918550136
0.262519271763102
-0.817767740129408
-0.107479978298062
0.826033343783311
-0.20089986523537
0.704869080941386
0.314398889730906
0.696837526526738
0.360000788296668
~
-0.714797168038526
0.478019243639091
-0.6762980890036
0.26130537459514
-0.82579819807355
-0.0993275682432306
0.828309294075085
-0.19659604883151
0.693765634490848
0.22233718473891
0.695643385612365
0.36716750500426
~
-0.714273989613074
0.474663678075577
-0.688890508024965
0.262654673036038
-0.814601412302988
-0.103292516159746
0.827375924079674
-0.201278462831865
0.722456708154255
0.2012180705462
0.696247798226177
0.363706836705209
~
----