@Right hand swipe left
-1.28335251563486
-1.43223714685486
-1.20872465652099
-1.26327209550296
-0.866328081006846
-0.696139422554489
0.685716330138492
-0.680750021926669
0.767139979358725
-1.43287268238513
0.768401871868279
-1.67538202647477
~
-1.29026670388588
-1.42756709961792
-1.21143787197361
-1.25453812200471
-0.869544275448949
-0.697497297295154
0.685240333680928
-0.681246833085668
0.766788128387867
-1.43498478452761
0.766016455776873
-1.67767094354115
~
-1.30157982750841
-1.42791663459176
-1.22190050259885
-1.25300865606201
-0.874090217849275
-0.697981880982618
0.684532305319695
-0.682092995468624
0.765861054355831
-1.43753907982461
0.7644920454132
-1.68046019133001
~
-1.31124280669177
-1.42407948320735
-1.22642667180821
-1.24535131797683
-0.878000640976799
-0.698585546610905
0.686291538453064
-0.683819762019714
0.766325673895449
-1.44185505187671
0.764885272395819
-1.68532829005207
~
-1.3235494831922
-1.42379120515538
-1.23542718460802
-1.24165645141492
-0.882855568115491
-0.699384278567223
0.687109229144028
-0.687842826999553
0.767386285085259
-1.44942729724221
0.765375030845734
-1.69383131188242
~
-1.33334344087453
-1.41575567537488
-1.24268771475032
-1.23315748020856
-0.884450126893006
-0.696274131154684
0.687764789244894
-0.688305291685355
0.767490400044257
-1.45135945966536
0.764337345012654
-1.69603335241746
~
-1.34439399528475
-1.38844847705038
-1.24933422466729
-1.22201505625569
-0.887971078399489
-0.693382829426424
0.68785498200544
-0.687660958960894
0.766765397656486
-1.45223657134435
0.762686889188621
-1.69711446388925
~
-1.35724438442992
-1.38516454703323
-1.25950966646346
-1.21206868574111
-0.892889365908316
-0.691135210520889
0.687631899914986
-0.689518237203265
0.766329714284243
-1.45662608775294
0.763326931403236
-1.70215050675778
~
-1.36920402984504
-1.38311946819
-1.26751427075075
-1.20476405731438
-0.899973802135482
-0.68839567619246
0.685388759859454
-0.694143957642296
0.763895786181689
-1.46298778690369
0.759737418943374
-1.70888291490988
~
-1.36627856183384
-1.36343597002206
-1.26682689208813
-1.1872670911502
-0.901183500808816
-0.676383903102246
0.682054421543632
-0.697965987373377
0.757365027954441
-1.46438440702571
0.753557189311498
-1.70926108728488
~
-1.3668055531737
-1.36174188268405
-1.26825434251479
-1.18473291447867
-0.901271042988557
-0.674215343303533
0.684502377936343
-0.699156408149507
0.75738350894215
-1.46797067025267
0.753829033684744
-1.7133856268447
~
-1.3674675273315
-1.3583404337933
-1.26996653267874
-1.18281803180612
-0.902283522507457
-0.673621432374493
0.684522377486583
-0.700591343671347
0.75713406592295
-1.47140897838828
0.752338929894267
-1.71725566399234
~
-1.37370944106716
-1.36234319874747
-1.27293845027603
-1.18176036984779
-0.905477642194672
-0.673358251127057
0.684513138650339
-0.702839992955381
0.756619883134631
-1.47547975615091
0.751493448008226
-1.72172129383023
~
-1.37774775961266
-1.3644775469623
-1.27561172749042
-1.18165343573423
-0.907643626416163
-0.673540125928185
0.68556309538647
-0.706277197803474
0.756986823798055
-1.47800094845925
0.751987083849926
-1.72492907980615
~
-1.37962756732157
-1.36759094933092
-1.27618442998185
-1.18293157211897
-0.90863319353652
-0.675336588957754
0.685623790327803
-0.706279480950572
0.756357302761218
-1.47645166385756
0.753392852112938
-1.72388166070513
~
-1.38346049083796
-1.3670373692819
-1.27990119962804
-1.1854561716504
-0.911155528222863
-0.677846136037437
0.687641825124713
-0.709717483421015
0.757611973530403
-1.48296513809329
0.757254389287526
-1.731310271266
~
-1.38501604745118
-1.35993658603852
-1.2822992272812
-1.18587558320998
-0.912552045605209
-0.678397216790093
0.688817707545975
-0.712319920005812
0.75853035726294
-1.48422857079783
0.759064247263482
-1.73313986332412
~
-1.38588271425533
-1.35856941777304
-1.28381942130215
-1.18412288356695
-0.913341826062322
-0.676873083765478
0.689760802023229
-0.71482603649816
0.759292436641324
-1.4842908142425
0.759838929338893
-1.73371015340279
~
-1.39211129193537
-1.36462483576891
-1.28560529015899
-1.1840797082033
-0.915999221676688
-0.677260125971024
0.689547755690807
-0.716880767696237
0.758150754106587
-1.48684740862742
0.758928237530903
-1.73678557623815
~
-1.39412775457063
-1.3665992064506
-1.28669187801533
-1.1842639235741
-0.916927031717854
-0.677421094468067
0.690094450243613
-0.718717479735488
0.757579752841894
-1.49057771525274
0.757912442756527
-1.74102630472718
~
-1.39712036017428
-1.36931640732466
-1.28837082254523
-1.18480767246414
-0.917825149616347
-0.677002836762384
0.691737270206803
-0.722005963662424
0.758892760036312
-1.49174753477029
0.759006439596269
-1.74299712893521
~
-1.39982409192898
-1.37421797435224
-1.28953566100536
-1.18668515316825
-0.918533393065015
-0.678641290899958
0.69327777175511
-0.723447012939015
0.760095113020052
-1.49477094999796
0.760041426556872
-1.7468198189491
~
-1.40554828637186
-1.38060930722608
-1.29325050328412
-1.18938161586184
-0.920873129050119
-0.680798772917048
0.694700640365996
-0.727687613124802
0.761146633446299
-1.49741869693915
0.760573906229502
-1.75043519528099
~
-1.40818112212316
-1.38385653055017
-1.29479374944384
-1.18999397475081
-0.921706177136847
-0.681333429227394
0.695584820595082
-0.730239859461869
0.760523723748351
-1.49426708505766
0.76029989874848
-1.7479725413231
~
-1.4082299050793
-1.38346557035667
-1.29435838256105
-1.1881995407845
-0.921730883698708
-0.680727284169513
0.695947916459329
-0.731728704874505
0.760008986850953
-1.49390745457923
0.760064700709091
-1.74806013562583
~
-1.40294539368994
-1.37236540964042
-1.29065173198576
-1.18066841802206
-0.919902553988663
-0.675907674410106
0.692514353155415
-0.731881618267488
0.754270101189812
-1.48572828596323
0.754027662991401
-1.73917404346795
~
-1.40204412965479
-1.36985538476113
-1.28923914778037
-1.17675992245869
-0.919230155764128
-0.673483360388174
0.691998401472368
-0.732856870696169
0.7524215767799
-1.48255775410835
0.752268062683538
-1.73603938465877
~
-1.40267937673873
-1.36192118420526
-1.29242117452201
-1.1788533354616
-0.92148383056392
-0.674875274975533
0.69382221108501
-0.735442217972288
0.752836433800911
-1.48582549332005
0.753844548109553
-1.74010219961118
~
-1.39946224572497
-1.34765318414032
-1.29215113497894
-1.17509311284258
-0.921633951506528
-0.674247209072083
0.693682081572142
-0.736042268184979
0.75184625340387
-1.47922418035101
0.753048254124779
-1.73373225167934
~
-1.39823017564685
-1.33816194227242
-1.29133315211379
-1.16667655753326
-0.923479419170446
-0.669795178319989
0.691962419006859
-0.737801559112491
0.748389939081741
-1.4734958685806
0.74946472418467
-1.72783620161569
~
-1.39836786317605
-1.33934362937743
-1.29218768046733
-1.16709255132465
-0.924246533405859
-0.670337258320124
0.691742704190156
-0.738998721668675
0.748168713851951
-1.47564290199329
0.749201640609602
-1.7303594163227
~
-1.40234598421835
-1.35089786717106
-1.29334541503104
-1.16936038451461
-0.924887336990052
-0.672178277161862
0.693858425566166
-0.739105001439306
0.749701071291804
-1.48102192033424
0.750456149428544
-1.7364794124252
~
-1.40218005988404
-1.35132759109013
-1.2938800081112
-1.17014517796763
-0.92461817762253
-0.67232874105008
0.694556079460696
-0.739913470277709
0.748994619533764
-1.48119062756462
0.750304286004517
-1.73701715050018
~
----
@Right hand swipe right
-1.95106822284868
-0.725389376272371
-1.71261074033388
-0.621292894816494
-1.14320865252837
-0.423445446769797
0.687533686269276
-0.755115530663577
0.730130414289537
-1.41337783423844
0.725725274632898
-1.67373001357127
~
-1.95716348379464
-0.719802659601635
-1.72050270303945
-0.611944144100913
-1.14852710153349
-0.419785579917845
0.686697600117508
-0.757816065446728
0.728959053716374
-1.41742131048112
0.724338952583518
-1.67783188905758
~
-1.96118272258346
-0.722879643770116
-1.72478355484761
-0.61333651901362
-1.15226962669605
-0.419235689712191
0.684404288920521
-0.758950930734567
0.728015315255219
-1.4215408984327
0.723180976627744
-1.68225525535828
~
-1.96195431738673
-0.724543615806938
-1.72593689063178
-0.614219558441621
-1.15350300890046
-0.418785844272317
0.682896285922087
-0.759918529470359
0.726704800818133
-1.42044169256335
0.72203588870762
-1.68114996644772
~
-1.96743361462895
-0.722766115200927
-1.73027906332388
-0.614852425723197
-1.15737297018153
-0.418696518445123
0.680793020264702
-0.761913229421544
0.724418339092182
-1.42037267104568
0.720269631453217
-1.68119608418732
~
-1.96789808299996
-0.724950583010406
-1.73136229647984
-0.615765147779553
-1.15825019511258
-0.419225562376375
0.67999301810959
-0.761888029390318
0.72376206134338
-1.42111309847428
0.720180064758978
-1.68193201916658
~
-1.96544882351074
-0.724685132461214
-1.72949484723483
-0.614564079212965
-1.15657142918097
-0.417073124107814
0.679282849725385
-0.762239494308439
0.722916207754493
-1.41937855209042
0.719448181985989
-1.68011615883756
~
-1.96520361274578
-0.725281970264363
-1.72960537945819
-0.614853148436808
-1.15673869533313
-0.417045239063463
0.678366585819769
-0.761557875349461
0.723446425071957
-1.41769046574187
0.718835500143302
-1.67831221419763
~
-1.9650736949998
-0.723283889972967
-1.7288171303009
-0.61504843689856
-1.15653036330643
-0.416490105309909
0.677690886266762
-0.760936607405317
0.722486934548227
-1.41588121601528
0.717903401887121
-1.67624760551023
~
-1.96400303578897
-0.721322690004959
-1.72711865362104
-0.615000305298614
-1.15519463846831
-0.416290175021721
0.679043537603302
-0.759875888746057
0.721695696141539
-1.41350149847173
0.716638006776537
-1.67356897394114
~
-1.96595182896597
-0.716500383113178
-1.7269575057481
-0.614821086333278
-1.15578713293057
-0.415475195445931
0.678451698696908
-0.759829111271965
0.719698467353995
-1.40396198134231
0.714492752525611
-1.66373452241312
~
-1.91340664873426
-0.702618328184994
-1.72319926929373
-0.607794153746282
-1.15425501399129
-0.407491076242568
0.674510908053189
-0.762814260904732
0.714891458204758
-1.39310170133134
0.709451812981094
-1.65198472811358
~
-1.89856677924274
-0.683618098494236
-1.72183956042317
-0.60964263435154
-1.15346896827118
-0.407856507968685
0.673567661656258
-0.762144117286664
0.713550499043028
-1.39300577101527
0.708445661022105
-1.65178002294415
~
-1.86857673418648
-0.685464850046979
-1.72262747187237
-0.611053341906413
-1.15330597949015
-0.410184459380194
0.67328663233261
-0.763030543536107
0.71306126535159
-1.3893656756694
0.708511495619966
-1.64847112716327
~
-1.86646941587679
-0.68906680311105
-1.72476036643732
-0.615840084225997
-1.15370939161012
-0.415501420695517
0.675931844752727
-0.762404109126729
0.715235273039474
-1.39598740400217
0.709639665544439
-1.65575549462139
~
-1.86912276288427
-0.691650107830202
-1.72833778120009
-0.619195098047137
-1.15580788169078
-0.418851854732225
0.676595073323951
-0.764074897919252
0.716224687977408
-1.40257481975299
0.710711044674051
-1.66301478470106
~
-1.8799287210596
-0.700212941360642
-1.72864981029888
-0.619748429485895
-1.15545429975321
-0.420125749773546
0.677195248262551
-0.765017877767206
0.716995632847104
-1.40430489536275
0.710776676538256
-1.66497825272462
~
-1.90482473051372
-0.698457011024192
-1.72837766282478
-0.620156117401567
-1.15496215395272
-0.421068680166272
0.67726963863081
-0.766097315719085
0.717395304435452
-1.4056614355493
0.710695235844887
-1.66640131135009
~
-1.87677111573149
-0.697244134836204
-1.7270833000947
-0.619067673700314
-1.15366833465376
-0.420781892002283
0.676231195715948
-0.765983749095876
0.717891104436752
-1.4057350598843
0.710924039333388
-1.66642703181545
~
-1.8816315207274
-0.703434624960929
-1.72735138112971
-0.621018128912546
-1.15336126408989
-0.422885640896896
0.676828645193273
-0.764759770363663
0.720386938857244
-1.41256159959854
0.713574729189169
-1.6735326359934
~
-1.90542239539152
-0.700078089243271
-1.7282821969851
-0.622508407532163
-1.15360533097278
-0.424628927501653
0.676949316844662
-0.764246171016773
0.721748491133447
-1.41545199457349
0.71475735719317
-1.67670004461926
~
-1.90861781804312
-0.693839332624923
-1.72847175232286
-0.62314472964357
-1.15339405401246
-0.424486166392339
0.677406703877135
-0.764301248637626
0.722778234802566
-1.41834065835436
0.715582464239544
-1.67983728439416
~
-1.91673460916051
-0.699058944795765
-1.72715335044725
-0.621452478530895
-1.15263126723868
-0.420712184278229
0.677652528327849
-0.765909945604179
0.722674817816266
-1.41779209388767
0.715752059920285
-1.67943853405132
~
-1.87265431751457
-0.68311590026929
-1.72584905863463
-0.620847245369753
-1.15194981368065
-0.419082004396655
0.67767748840911
-0.765667410165578
0.722162937603965
-1.41738180521236
0.715485372994592
-1.67892512511018
~
-1.88082349551553
-0.694188482068669
-1.72600512808518
-0.619987798901878
-1.15176873789119
-0.418385285443817
0.678278438082861
-0.766148677466127
0.722437662776118
-1.41692190876566
0.715133524259005
-1.67857001038609
~
-1.89149779073788
-0.711342178633858
-1.72881967599668
-0.621354725663808
-1.15357706082445
-0.419820573525793
0.678624751859587
-0.767021857287272
0.722665882228378
-1.4180546349665
0.71543685920147
-1.68012460959806
~
-1.8932288356786
-0.717781500908463
-1.73198736369601
-0.623086225140786
-1.15605936354131
-0.421945074190906
0.679660885564288
-0.767170682144438
0.722968561410363
-1.41855298166899
0.715498300438933
-1.68090861411258
~
-1.87868454805122
-0.708512173800342
-1.73494586059913
-0.624726392452789
-1.15808204792063
-0.423791978085316
0.679546774853768
-0.767544473122595
0.723308427678232
-1.4198229877987
0.715861447029234
-1.68254557673329
~
-1.8934795601173
-0.721885131990988
-1.73999941333842
-0.628093118480883
-1.16175993880735
-0.427023519145896
0.680557424892889
-0.770574592414756
0.724173582281688
-1.42336276991072
0.717040370679691
-1.68669782905684
~
-1.97727811017288
-0.752724953169961
-1.74251511055642
-0.631630724087927
-1.16343517806614
-0.430369463780817
0.681420430200976
-0.769857422123088
0.726185691998685
-1.42669643565307
0.719415847216296
-1.6903783266643
~
-1.92105285019663
-0.73419745200735
-1.73959077333277
-0.626097561758938
-1.16160912538263
-0.425582335503448
0.68014584915345
-0.77057166639414
0.724610138095553
-1.42081432638172
0.7175689864783
-1.68394819203396
~
-1.91532325542546
-0.7048336377987
-1.73818143113219
-0.624010147826274
-1.16017484695981
-0.423818876629855
0.680723713362427
-0.770258927940562
0.724541122797057
-1.41888329681981
0.717649341481019
-1.68202835961923
~
-1.91667254818489
-0.702169791126942
-1.73805048275606
-0.624623197408431
-1.15958953698315
-0.424649656472258
0.681221599671947
-0.77024842524813
0.726709588430313
-1.42062416080506
0.718357513016582
-1.68386474811718
~
----