@Right hand swipe left
-1.99709395409856
-0.431889851032494
-1.7462595165124
-0.491723171043832
-1.16528105674889
-0.47765314608635
1.11960646081139
-0.392635994219198
1.71437903571595
-0.283777158278823
1.9656000393771
-0.206076786094257
~
-2.0008561303603
-0.44394048208218
-1.74888376073304
-0.499712007091511
-1.16729200949807
-0.477427964624844
1.13590626566173
-0.396292614058051
1.73106568177571
-0.283179982148982
1.98381639984984
-0.210918952555625
~
-2.00495478724705
-0.444011455874327
-1.75246890994857
-0.500126690885075
-1.16920382484107
-0.477644089311226
1.14452479395386
-0.396733507346794
1.74125403435464
-0.284166922220216
1.99446976159559
-0.21260310704386
~
-2.0042330626386
-0.443095222933152
-1.75214232799324
-0.498114906537915
-1.16890502574791
-0.47744104234597
1.14184634291562
-0.397295072004554
1.73854972447334
-0.28565693407526
1.99217233494657
-0.218404008332794
~
-2.006884973473
-0.442311408650809
-1.75445654976687
-0.497087408612713
-1.17008450889155
-0.478663755723565
1.14201229021949
-0.397491221550619
1.74006803826245
-0.286207704851785
1.99424610744489
-0.221775477956517
~
-2.00567824084446
-0.443565162470723
-1.75422027997508
-0.496106681579516
-1.17033874320478
-0.479692215083462
1.14009592151961
-0.396055451662754
1.7385344833029
-0.284679357828489
1.99254003312235
-0.220866622501629
~
-2.0050187749832
-0.439872147631954
-1.75328875194628
-0.494571248611517
-1.16885115578497
-0.482649555168276
1.13948219812001
-0.396716631408852
1.73787875597871
-0.283629518411517
1.991627848177
-0.218756893859513
~
-2.00266155870725
-0.44473331030914
-1.75135581469652
-0.497979716794486
-1.16663616194655
-0.487406047890656
1.13810165913508
-0.396944487701279
1.73709922440442
-0.283624582858296
1.99080884575521
-0.218304674331719
~
-2.00028441386366
-0.453889599637609
-1.74921362322525
-0.505934598970894
-1.16417182869918
-0.493687196781052
1.13940880407358
-0.396557768678305
1.7392391667474
-0.283394386026158
1.99280002254055
-0.216938563487709
~
-2.00049895931925
-0.457222586489462
-1.74917617734431
-0.510407802038277
-1.16365600024512
-0.497858148372263
1.14025659762045
-0.395487896585553
1.74136610704316
-0.282567209210067
1.994929054224
-0.214740257269921
~
-2.00016841640954
-0.458377162117419
-1.74860695578269
-0.512132842220725
-1.16358834772749
-0.499692756081216
1.13989754159642
-0.393116139906074
1.74210712651456
-0.280651321602148
1.9947234946238
-0.209585069561866
~
-2.00169229832351
-0.458359395187492
-1.74965337976144
-0.515792268688158
-1.16438211971222
-0.501710951871448
1.13918439177618
-0.393014377896906
1.74242064613166
-0.27981165527066
1.99611077417308
-0.210894590438021
~
-1.99784558815236
-0.460539926288328
-1.74629515780652
-0.518599116919723
-1.16300087614381
-0.501367491677576
1.13623203868033
-0.389815690330698
1.73890644703605
-0.277344132656268
1.99210430376868
-0.208827737958077
~
-1.99607108788363
-0.463797414411592
-1.7467137636818
-0.516863144454832
-1.16262975713606
-0.503294222560089
1.13461197731328
-0.389170484693668
1.73793876455074
-0.276651262713877
1.99098066702898
-0.207134640982948
~
-1.99657372990919
-0.448065990074152
-1.74706991854907
-0.511261958856777
-1.16237412337787
-0.503160239435945
1.1365118368345
-0.388166060162735
1.74019020339171
-0.274462482856564
1.99311596052958
-0.204398194417174
~
-1.99929064494983
-0.431707031012916
-1.74874142241958
-0.497337016072326
-1.16222602170863
-0.501755743407377
1.13488159708317
-0.388773606567895
1.73941250572736
-0.275039651633096
1.99178030898058
-0.201879573659907
~
-2.0040222484572
-0.42386399807631
-1.75260898479126
-0.489355596804582
-1.16508531464899
-0.501790614211918
1.13609581576463
-0.389799785743786
1.7418150835237
-0.275783343968117
1.99455410345082
-0.202550457752637
~
-2.00915435556331
-0.420559013012626
-1.75771475038216
-0.487638367005513
-1.16841651472302
-0.500115664612529
1.13585883797369
-0.39158366072148
1.74307625843589
-0.277242971704949
1.99629671186681
-0.20412922646173
~
-1.87177655696412
-0.421684073244452
-1.7596908286658
-0.487175049955487
-1.16969938635315
-0.499365895986849
1.13593649415972
-0.391529638374293
1.74432028973716
-0.278224180391489
1.99805772426098
-0.203369064395005
~
-1.86818646182227
-0.421027628068315
-1.76266640093034
-0.483418619732832
-1.17188728209645
-0.498220503384385
1.13566486551444
-0.392073526046387
1.74479751041745
-0.2772313930632
2.00003340542072
-0.202451134527927
~
-2.01671869094313
-0.415803381339048
-1.76311528971793
-0.483236954103321
-1.17181046929559
-0.497621220263341
1.13566164538412
-0.392439634709019
1.74562075428576
-0.27640340288761
2.00099573662834
-0.201439611217156
~
-2.01977809991056
-0.421132411491494
-1.7656245028948
-0.480069073045246
-1.17365189029158
-0.497212339507236
1.13633127718602
-0.392580271200353
1.74679959031483
-0.27509955280783
2.00233742516968
-0.200533849818968
~
-2.02364153184601
-0.411515419558292
-1.76908821229722
-0.478390061948579
-1.17558253907775
-0.496778687272648
1.13509917657349
-0.392326247576955
1.74687881175021
-0.275202505782393
2.00271840845232
-0.199841935483059
~
-2.02338059616876
-0.409805183922369
-1.76858937631406
-0.477083825174396
-1.17454613328711
-0.495859103389741
1.13320432453734
-0.391412610818147
1.74582560293017
-0.274979991172421
2.00130092490632
-0.198210309405075
~
-2.02451959710522
-0.416046605261282
-1.76994018547784
-0.476804491138224
-1.1749600784891
-0.495828249471875
1.13371149124751
-0.391495920539529
1.74729160448469
-0.275429718907936
2.00075798931524
-0.192016610745643
~
-2.02728316092002
-0.415357481693193
-1.77274636647136
-0.478344859970744
-1.17670702488863
-0.496602189713715
1.13509183816069
-0.39174867126326
1.74884004267748
-0.272948025809198
2.00354121687704
-0.193054335382084
~
-2.02879919347288
-0.414801498702442
-1.77427381939172
-0.479560215484252
-1.17711470353502
-0.49749891059211
1.13544381522749
-0.391225318486779
1.74999425167279
-0.272457768188662
2.00522077481473
-0.193823732062942
~
-2.03013902356482
-0.418735478601301
-1.77566595923138
-0.483884483387449
-1.17723318057065
-0.497972084877643
1.13551206284337
-0.391571185587798
1.75075642113962
-0.272967807422173
2.00623535211245
-0.194802706396461
~
-2.03275125031391
-0.420833908581511
-1.77923429474488
-0.484592996770998
-1.17953779403205
-0.498589144822028
1.13780467608184
-0.39163017296738
1.75391263122837
-0.272935222627356
2.00865155044989
-0.191718642924072
~
-2.03615295375329
-0.414927150636447
-1.78198465578838
-0.483401110033536
-1.18149919354426
-0.499269866325623
1.13767259324563
-0.391557456028961
1.75468752339344
-0.274814544738779
2.00962318276053
-0.194055100422002
~
-2.03708836980779
-0.418747985407207
-1.78298191813124
-0.482596935403059
-1.18104692708389
-0.499198485183985
1.13844918237713
-0.391217401147461
1.75574509764019
-0.273245338140504
2.010558896234
-0.192069194834326
~
-2.03849964999817
-0.416626883557476
-1.78437467612652
-0.487236192401152
-1.18033418710519
-0.498495666752602
1.14083319977054
-0.390761953645252
1.75974465887851
-0.274188568289211
2.01318451189099
-0.187908478474266
~
-2.03942416989509
-0.415646785196707
-1.78521503319061
-0.486945617173816
-1.18024932597248
-0.49873927196555
1.14173008531178
-0.391096832173351
1.76114286434297
-0.273574996606447
2.01471576077445
-0.187499087393974
~
----
@Right hand swipe right
-1.60312964578729
0.765780314596796
-1.47461723304098
0.552977379521357
-1.130017561398
0.0774964984625989
1.08632610545175
0.163022574391534
1.50218769516631
0.523582874220219
1.64258934827474
0.721124327796703
~
-1.60257332967677
0.765503531544139
-1.47712738186561
0.557422142501353
-1.13002628953059
0.0767235867241895
1.08620550879202
0.162884379596736
1.5024177657574
0.52280947773039
1.64138161058413
0.72150174860658
~
-1.60197202830942
0.764787444537859
-1.47524764188709
0.552421484083791
-1.12971032153196
0.0753483766615714
1.08570981840681
0.16287372084253
1.50173347021301
0.522858780492976
1.64037874549915
0.721927046832707
~
-1.6003424140679
0.763078233600023
-1.47491837019585
0.552911457971253
-1.1285019399499
0.0731297142325958
1.08612412447499
0.164327787871132
1.50221198786926
0.523619540299618
1.64058622855048
0.722856103105849
~
-1.60029238318388
0.762823557094552
-1.47440913879547
0.551882936086302
-1.12845476775072
0.0724623853590002
1.08679884727249
0.166029934301059
1.50352468552566
0.524746745817611
1.64260823746568
0.724057507432253
~
-1.60047514557398
0.765378888907596
-1.47421042579268
0.55306617164556
-1.12222647557887
0.0985773387023087
1.08576702285967
0.167334297053208
1.50261465728406
0.525521856686821
1.64140336187954
0.725159201121952
~
-1.60156141551708
0.770983931663494
-1.47431883947542
0.554281218890041
-1.12135679330771
0.102757625226552
1.08514866250753
0.168267415435598
1.50334801955666
0.525755802686941
1.64226096462136
0.725933546071121
~
-1.60017015796726
0.773223849109809
-1.47359834967327
0.555184718256527
-1.12136406339262
0.100318126648521
1.08460546076954
0.168488543722774
1.5110463192342
0.54325583436952
1.64781535373781
0.736011322930672
~
-1.59976723674322
0.775089575064547
-1.47306251543856
0.555627796120261
-1.11812045240986
0.112757503901856
1.085457235723
0.168645708436504
1.51411026808507
0.546611007298409
1.64725025850795
0.73513970541291
~
-1.60005590798294
0.775803095436725
-1.47199824561372
0.554799438143451
-1.11622011857547
0.115569637052752
1.08528220247939
0.168726992828298
1.50760102998718
0.535030830840078
1.64594898055684
0.733192130414649
~
-1.6004549000107
0.775503573772323
-1.47225090872526
0.554951022082056
-1.11593451482446
0.117631154143357
1.08653564742514
0.168793101599862
1.50784180609248
0.533502567580584
1.64586695682326
0.732635182700076
~
-1.60077025696398
0.773729008853344
-1.47247864601441
0.554904574423657
-1.12056350253936
0.0994560234867678
1.08691541064148
0.168989246245404
1.50877168610138
0.533403405784369
1.64687777723138
0.73380329646136
~
-1.60122510642699
0.774737336812361
-1.47296305425337
0.55631767253964
-1.12043689621596
0.106769684187344
1.08688899338637
0.168908469312415
1.50613156749818
0.528943540474753
1.64487570528669
0.730759488440023
~
-1.60135446875247
0.775496769735995
-1.47198685538812
0.555222720937701
-1.11738096273252
0.113791717054304
1.08708321329824
0.168729862390298
1.50665678884956
0.529015396687364
1.64466015288424
0.731609403109054
~
-1.60071281669976
0.775555687249199
-1.47082764482499
0.554732337129574
-1.12192484383891
0.0982518460793377
1.08702623570093
0.168801668982256
1.50648684588995
0.529227660827322
1.64435653480125
0.73216192176568
~
-1.60089384326668
0.777155243649499
-1.47056048102738
0.555560801987295
-1.11750068661526
0.110395522813719
1.08594503029336
0.168334016971418
1.51215108426994
0.539619772398623
1.64727139122019
0.737511950853144
~
-1.6004534085435
0.77681835952086
-1.46897075500437
0.554286426818852
-1.11447592237572
0.115099583079955
1.08575630469522
0.168523076419694
1.50882463306316
0.535941341564338
1.64440441876438
0.736249978505905
~
-1.59999886325003
0.775731725989845
-1.46868859792494
0.553621523128517
-1.11758602058569
0.106167966740948
1.08511004026717
0.167989813061735
1.50643706887714
0.533795324616425
1.64335340269401
0.736014573869427
~
-1.60646764815256
0.780227010437355
-1.47284993619421
0.554719905182995
-1.12098536475291
0.108583389283843
1.08558148262454
0.166425151124582
1.50346217984943
0.526194886217128
1.64440252734635
0.728978177294601
~
-1.60663682533697
0.780359424439025
-1.47268075057217
0.554499744658099
-1.11845205295027
0.115225762009586
1.08517747091001
0.165728072019256
1.5030615374043
0.525469576989336
1.64363715566184
0.728907599524775
~
-1.60496860139753
0.780732955557461
-1.47203021817334
0.555423064723926
-1.11652408723986
0.1223646621964
1.08503922393394
0.166192187819206
1.50259522083018
0.525926935222657
1.64227914944769
0.730221777457888
~
-1.60315409275335
0.78015621991916
-1.47161744826793
0.555858857470855
-1.12157060728136
0.103794693845721
1.08433234488382
0.166068321508829
1.50063474488616
0.526913640604599
1.6390648211969
0.73211467409563
~
-1.60127439029148
0.780282919363433
-1.47074402046684
0.556896815303613
-1.12399171617208
0.0975453498695834
1.08387562199622
0.166527198718909
1.49807558036944
0.529657743640703
1.63765348280224
0.734388191260981
~
-1.59732307468209
0.780254507664162
-1.4685187530321
0.557693994586133
-1.12433777797214
0.0932132382817819
1.08286668222653
0.166073833744142
1.49618418780522
0.529954634166857
1.63528372639406
0.735194051792126
~
-1.5948130799321
0.78182248944987
-1.46601459228859
0.558108893219114
-1.12514653482463
0.0921668865176731
1.08008068102161
0.164692737744943
1.49196880486388
0.530093946831222
1.63225326194831
0.734633215085209
~
-1.59257625407731
0.783411347383355
-1.46515377868036
0.558873979246781
-1.12628743875201
0.0910510528693324
1.07978912588287
0.164917403518788
1.49173407800642
0.52992927310216
1.63212882638006
0.734800397201152
~
-1.59120824169329
0.783830903636958
-1.46394247103107
0.559502547016442
-1.12660625217611
0.089924326133309
1.07957055701192
0.164901681948583
1.49122421496584
0.529958125133046
1.63103156714575
0.735366164388353
~
-1.59039818567414
0.786730529655829
-1.46289051355259
0.560860072818834
-1.12719863714993
0.090180285220041
1.08000005612461
0.165589826984092
1.49052173146433
0.532137033225163
1.63276354072128
0.736325078541497
~
-1.58868777340293
0.792587818216327
-1.46564554162492
0.574470116960197
-1.12798697127855
0.0918222316313331
1.07946953977723
0.165661087863617
1.48612274473423
0.535919473637796
1.62847278849685
0.74007623551376
~
-1.58781456568986
0.794914890478882
-1.46474192025388
0.575815671818356
-1.1143854268674
0.127636849671164
1.08124163019272
0.16868968110029
1.48650372959356
0.540346215990735
1.62987600018284
0.744065503146852
~
-1.58746066578389
0.796727703252543
-1.46409700252145
0.577725559384842
-1.12125149107104
0.114732428440526
1.07999669620143
0.167989471557436
1.48341433222188
0.541725179434887
1.62731059101784
0.745463509996883
~
-1.58520349477518
0.796620792993021
-1.46371016468097
0.584227910637361
-1.12268967563184
0.108194263979634
1.07967714402968
0.169792105255213
1.48102579416002
0.544943946668037
1.62366015665377
0.749485658923953
~
-1.58413912362641
0.796657552940306
-1.46290597052342
0.583377432756501
-1.1238674748199
0.103570621814106
1.07933590089362
0.169754202885208
1.48015792081969
0.545309102364802
1.62233827174504
0.750333724095608
~
----
@Left hand swipe left
-1.76429581105045
-0.997556134581032
-1.56696066876804
-0.947174818393714
-1.01681834803068
-0.65082897355245
0.947226651906793
-0.658804273189571
1.52228202632449
-0.91002905562658
1.80061446977616
-0.953253140231034
~
-1.7636094826869
-0.999777795413622
-1.56649300209972
-0.948052482851514
-1.01580713437046
-0.65218254067412
0.947746445770466
-0.659454168953617
1.52374932926275
-0.909085693657025
1.80245783362003
-0.952139848230612
~
-1.76089173178387
-1.00071782230842
-1.56594130164426
-0.948702978238054
-1.01513911487966
-0.652582119760798
0.947342524323301
-0.657852015589236
1.52324891508503
-0.908655644312625
1.80216855558572
-0.951585175002928
~
-1.75829314094944
-1.00236275529259
-1.56376801786029
-0.9496871757367
-1.01310878640017
-0.652984178663864
0.947903762605738
-0.658527666426218
1.52404351534905
-0.909224901722019
1.80310154888715
-0.951812693032729
~
-1.75724967842825
-1.00296139490422
-1.56249802567629
-0.951614682622873
-1.01240529986627
-0.65333994691835
0.948654868154452
-0.658708603980186
1.52513736390535
-0.909360101778776
1.80454166731724
-0.95175928857463
~
-1.75515832339847
-1.00325564018044
-1.5611355995744
-0.951546091401057
-1.01096609066331
-0.65340086306239
0.948801837907481
-0.659191305686816
1.52564029516388
-0.908691932611602
1.80523149269276
-0.95088415227706
~
-1.75590022728825
-1.00426969621276
-1.56157608988768
-0.952207402360601
-1.01133456287135
-0.653517850399745
0.949280285217858
-0.660027822853555
1.52684920525511
-0.908782352634627
1.80677030898219
-0.951319408375075
~
-1.75499965277163
-1.00230099694516
-1.56096995558951
-0.951320660965921
-1.01153782965165
-0.651773581121233
0.949745998337566
-0.658296536249848
1.52718676481727
-0.907080456451343
1.80696639658387
-0.950026105354876
~
-1.75738555298622
-1.00241966933294
-1.56215191949345
-0.952078965836291
-1.01242526912739
-0.652702075790964
0.95152675026409
-0.659238201705681
1.52962910261528
-0.90716892621592
1.80938221593678
-0.949877878206677
~
-1.75785598626114
-1.00280640260376
-1.56411720287728
-0.953066710813809
-1.0137361948483
-0.654290794395775
0.950720335154057
-0.657658417046068
1.52867153113629
-0.907281670688008
1.8085674634264
-0.94984001724012
~
-1.75524452652108
-1.00352439074856
-1.56405617738776
-0.954122323677593
-1.01327240343179
-0.655485503860903
0.95000345370635
-0.656906270758725
1.52683193421676
-0.910410889585525
1.80672720414058
-0.954828225923899
~
-1.75475190381685
-1.00526873462744
-1.56024413810293
-0.954827358293856
-1.00956593848871
-0.655775343803285
0.949316984825638
-0.658209248535852
1.52489141502163
-0.91530457290164
1.80502615096514
-0.959462700003322
~
-1.75642429465763
-1.00969750390073
-1.55842717790241
-0.957372733197009
-1.00815385676275
-0.656578692436952
0.949187316662293
-0.658718486502682
1.52443552453572
-0.917632213747665
1.80503269184319
-0.962142768751353
~
-1.75810243916372
-1.01328219990854
-1.55942698195207
-0.959707185919155
-1.00885972367722
-0.658424466316795
0.949987459475153
-0.659402552943972
1.52632144889763
-0.916708684357252
1.80716762969995
-0.960816632267804
~
-1.75916006846768
-1.01382840146263
-1.55949131027447
-0.959973037248983
-1.00834510285537
-0.658579417661003
0.958248484559424
-0.663475729782104
1.53639098932638
-0.917910968720216
1.81749792191326
-0.9621254932694
~
-1.75971908667739
-1.01731604102305
-1.55955206004336
-0.962090549582729
-1.0082484801803
-0.659743846224372
0.962147708078403
-0.667522615490518
1.54279744637475
-0.916628927097364
1.82454733466005
-0.960277076194915
~
-1.75951317600793
-1.0214015988604
-1.55736597059527
-0.962974289360455
-1.00635173602895
-0.659545602586139
0.962235936450933
-0.668132689603246
1.54347500324544
-0.916987107669435
1.82548641171936
-0.960310666258467
~
-1.75839024168964
-1.02601571051293
-1.5563290093883
-0.965328502644679
-1.00620214132726
-0.660180610784451
0.960917680653956
-0.668289931899108
1.54311689334118
-0.916318377261215
1.82534117158734
-0.959971349825463
~
-1.75842526375888
-1.02884308596735
-1.5516926023705
-0.965389628133876
-1.00221290219419
-0.658681834282286
0.959155415863984
-0.66772571967442
1.54133069403954
-0.916006037136656
1.82342728424609
-0.960204576443062
~
-1.75490148279405
-1.02881406271215
-1.55030243763603
-0.966103497834263
-1.00160410473629
-0.659261709753264
0.959010524568491
-0.667832829486074
1.54127662796973
-0.91559754110331
1.82334433549791
-0.959439195882071
~
-1.75605421389104
-1.02926175466613
-1.550502556305
-0.965905048107656
-1.00149509250176
-0.659429030415433
0.962548495775808
-0.670065985350258
1.54600612619161
-0.915600376557428
1.82823566524989
-0.959376529784163
~
-1.75570443112964
-1.0256280567959
-1.55083478030758
-0.964995657281752
-1.00142999047986
-0.659256077675672
0.960628394877129
-0.668853159038171
1.54523459680523
-0.911614061149877
1.8273802790462
-0.957402995515925
~
-1.75467879261233
-1.02162533191839
-1.55260909900033
-0.963280454023004
-1.00250502712299
-0.659422396202561
0.963740355163075
-0.671110275429174
1.54874830799986
-0.912615102144988
1.83103315440085
-0.957817700623541
~
-1.75389997943105
-1.0193060599294
-1.55332970145995
-0.963142497057428
-1.00302153272028
-0.659201756746696
0.961494306730026
-0.669483668677626
1.54629194448998
-0.912004924679649
1.82864059218285
-0.956827109337997
~
-1.75684597307076
-1.02002286618659
-1.55268763242759
-0.962714056916704
-1.00229166048809
-0.658752229451675
0.964039944799219
-0.671455888552127
1.54958591605921
-0.912263836642744
1.83213138081002
-0.955695879680352
~
-1.75765822800672
-1.02361394296119
-1.5499959749147
-0.962494238054092
-1.00010877902926
-0.657198899649937
0.962685926387127
-0.67064008685472
1.54807329753281
-0.91229543717181
1.8308293877813
-0.956386532329935
~
-1.7568708428751
-1.02416186388569
-1.5486522139027
-0.962396393509546
-0.999199621556572
-0.656924225408764
0.962147364361262
-0.670066972500476
1.54743845911351
-0.911069636166618
1.83002478284257
-0.955927898778676
~
-1.75548446934612
-1.0209163305047
-1.5486718295242
-0.961262859529469
-0.998831745993141
-0.656468947235426
0.961402866305446
-0.669332639873519
1.54638766243045
-0.910803367631644
1.82920427567571
-0.955240287781654
~
-1.75427916296962
-1.01729364034508
-1.55744882902896
-0.963943925118826
-1.00716565248964
-0.660115499991925
0.962003630906013
-0.668791379133617
1.54702122291798
-0.911022232898016
1.83024696337128
-0.955753477256181
~
-1.75416175194736
-1.01681145184168
-1.55725185281592
-0.962943628860568
-1.00665326349635
-0.659260467219433
0.960738515565071
-0.668405552397598
1.5459401298831
-0.910986628628774
1.82902680514948
-0.955872048248709
~
-1.75301214499319
-1.01460665960518
-1.56146948424536
-0.96357280740832
-1.010469261925
-0.660554835931698
0.962463929817685
-0.668965935358003
1.54801466087693
-0.911512101116055
1.83135011430755
-0.955744912036157
~
-1.75222573348797
-1.01408974487636
-1.55809110035741
-0.960595353851481
-1.00704073275864
-0.657255416796814
0.961565269117845
-0.668613318774944
1.54687604152173
-0.911763313072119
1.83022725636158
-0.956295168427816
~
-1.75257559615034
-1.01322306933412
-1.55911677154801
-0.960565296932027
-1.00757014678308
-0.65720816099415
0.962753827772598
-0.669616386912971
1.5486013273135
-0.912400914069031
1.83194189170811
-0.957567077703395
~
----
@Left hand swipe right
-1.60902542715658
-0.487628923005017
-1.37608593883565
-0.528615780882415
-0.867460709561138
-0.512289358309831
1.09549814313072
-0.464231693926271
1.70014371199667
-0.467480169242401
1.91992572478999
-0.331629502440026
~
-1.6274712366365
-0.485366098640504
-1.39474606643253
-0.525278695049194
-0.874986761048421
-0.508295277423346
1.09643253210131
-0.464597211440531
1.70029068722309
-0.465666502905998
1.91853656087345
-0.330550525712433
~
-1.63185776159058
-0.482915588642677
-1.39812356497661
-0.524464437853458
-0.878636930321034
-0.506197150441166
1.09700421018975
-0.463615741376317
1.69978851565691
-0.463037973268719
1.91663736981844
-0.328444942878697
~
-1.63918060619705
-0.481186293092341
-1.40309114803356
-0.522511986465218
-0.879491278100971
-0.505874414826151
1.0920742267189
-0.462412675419796
1.69375854855453
-0.463002080835649
1.91448620786388
-0.32793536688182
~
-1.64818308605332
-0.480436684328448
-1.40981142756081
-0.521538996338279
-0.884585215464219
-0.501825138769326
1.10068150568613
-0.464031492413206
1.70174053694887
-0.46176362359967
1.91528472477578
-0.326989432554417
~
-1.62400689539189
-0.484589753835605
-1.38923977353949
-0.524056497708417
-0.881050095465144
-0.509860631751444
1.09481979297525
-0.463615419229903
1.6937042788075
-0.461747270814553
1.91209190033574
-0.327183192584797
~
-1.63664886530138
-0.482292586520116
-1.40070172932552
-0.522195901885559
-0.881702956243582
-0.508573790908599
1.10447359132625
-0.465950239975251
1.7036266064369
-0.460063168044818
1.9152765705337
-0.326524903250191
~
-1.64313048097186
-0.481926783141196
-1.40570362442337
-0.52272587504241
-0.881575869037957
-0.508195767029102
1.08982748001395
-0.460384837630188
1.68853447248191
-0.462864767418336
1.91438695589543
-0.327190346234878
~
-1.64461273773962
-0.481822820863773
-1.40537554550728
-0.522665517604383
-0.881132610709697
-0.50943021390071
1.08540677998767
-0.459299758262226
1.68438992440207
-0.462910206291202
1.91262267477973
-0.327425445831643
~
-1.62604555440965
-0.483502874034558
-1.38761603431786
-0.52070674187285
-0.885520488170981
-0.505302183012302
1.09762854778534
-0.465852225015958
1.6980713562089
-0.460365819754689
1.91186924967369
-0.328777399446355
~
-1.63115586725751
-0.482014156606658
-1.39018251382728
-0.517373085792903
-0.88526992042071
-0.505083637101758
1.09643081249741
-0.467411397320368
1.69721518094705
-0.46122666950389
1.91170448772482
-0.329604077585427
~
-1.63940015436704
-0.480656377143741
-1.39684505177531
-0.516204910404767
-0.885755169613995
-0.504974454541968
1.10059350129854
-0.469545701134558
1.70262677731339
-0.461423310053138
1.91557679285748
-0.329303317698569
~
-1.64098101444067
-0.480822117927638
-1.39818659394529
-0.517649329772756
-0.887947205263919
-0.501721305698184
1.09893484914729
-0.469864532623719
1.70224604347173
-0.463987434431109
1.91680784980358
-0.332033718428737
~
-1.63706709869493
-0.477632366236835
-1.39442687449649
-0.515650662565052
-0.887420852121819
-0.49888800147096
1.09226666755365
-0.467571109083488
1.69440314827173
-0.46430493799496
1.91142689326901
-0.331774834127617
~
-1.63883833809917
-0.476161262657982
-1.39605838679288
-0.515482464967961
-0.887117949726876
-0.500473039036593
1.09637197833619
-0.468960422250043
1.69895953239954
-0.463213818248904
1.91222703554808
-0.331192194090137
~
-1.63968533985247
-0.474356455127002
-1.39727373444148
-0.514764958586548
-0.886722348630376
-0.501929937287624
1.10516003001426
-0.469505756937388
1.70824662151121
-0.462706446540943
1.91128148017207
-0.330338589544461
~
-1.62861966867998
-0.474676172199977
-1.38630769918523
-0.50931177920297
-0.886538621968865
-0.500465007016266
1.10604827012116
-0.47002675498847
1.70777556723454
-0.462190497452345
1.91057784895445
-0.329297942478334
~
-1.64233897624116
-0.47300408542646
-1.40007372404116
-0.507991754457731
-0.888879874700127
-0.500226486003085
1.10004338771442
-0.468839390529867
1.70125675816267
-0.461760111416895
1.91016103753339
-0.327908468859553
~
-1.64882338571952
-0.473930326761235
-1.40428745179738
-0.508049298463571
-0.889052102864403
-0.500261786516444
1.10557140852556
-0.469448162021175
1.70688396535142
-0.459369115859038
1.91062265727329
-0.325739148196934
~
-1.65346192418126
-0.475275569252821
-1.40683588247624
-0.508058000473884
-0.894292941338065
-0.491671046919444
1.10765414762625
-0.468175391377837
1.70890645291908
-0.458938258171382
1.90783687294927
-0.325579070377536
~
-1.65666294647586
-0.474403947634407
-1.40850369266519
-0.506501630667027
-0.893686245412272
-0.492664826515684
1.11187888102537
-0.468037916530955
1.71295742709484
-0.457677283272778
1.90675153469397
-0.324020326620045
~
-1.66625458321252
-0.470895682920798
-1.41820804350325
-0.503744268010322
-0.899446147987522
-0.488469959657664
1.11184683180993
-0.468216692221908
1.71299581987308
-0.458820779080741
1.90629538496367
-0.324506352243587
~
-1.66674698042002
-0.470247656884416
-1.41863825794757
-0.503347670987501
-0.898743158557388
-0.488988333830366
1.09911649210296
-0.465653238043145
1.69923921338933
-0.459110443345562
1.90645557086724
-0.324131569265883
~
-1.66336359098398
-0.470779182884804
-1.41605178175906
-0.504132788588093
-0.899193016365025
-0.489481825170689
1.10793760187833
-0.467984401831526
1.70842942673169
-0.458251044418216
1.90792632791937
-0.323909111695038
~
-1.66301266737655
-0.469554969952646
-1.41509137069622
-0.504097166386246
-0.898456426598825
-0.490363742323269
1.09683777673217
-0.466644078118459
1.69643043610457
-0.45981869968885
1.90729856371163
-0.323769271388923
~
-1.66601370887775
-0.469278918992507
-1.41785073148252
-0.504063340253757
-0.89861265894084
-0.492032553899983
1.10519828437665
-0.46916892229958
1.70524639080909
-0.459422332257204
1.90874880032136
-0.324109306899995
~
-1.67099092174409
-0.465555561657212
-1.42360368490464
-0.500459845723199
-0.899627096311348
-0.491493512544005
1.10766830409188
-0.468659296408051
1.70810140852199
-0.459363840172165
1.91017510880705
-0.3229784102361
~
-1.66925110766417
-0.464626225035008
-1.42391621254144
-0.498924833126818
-0.89976076300157
-0.486563944331768
1.09863220822165
-0.465805793229848
1.69915095889014
-0.459089607883525
1.9113253742374
-0.321455039956447
~
-1.66868561248047
-0.465974220635232
-1.42293711091149
-0.50009331936786
-0.894187978934563
-0.496087883478931
1.09860915593285
-0.468305350397963
1.69873094842405
-0.46000452325491
1.91269487115577
-0.321812290160877
~
-1.66588370250282
-0.465200437268709
-1.42037785227586
-0.500645559201457
-0.893726442084651
-0.494159690699968
1.09184867868053
-0.467691794010425
1.6904244505286
-0.462209959958244
1.91051297114031
-0.322612064644167
~
-1.67041128834828
-0.465677799441293
-1.42434045775981
-0.501468903515666
-0.897784848292516
-0.485464199360642
1.08922805711236
-0.466668981905779
1.68806495228668
-0.463740389846178
1.9086521848823
-0.324941559013657
~
-1.67252489812796
-0.466483314617252
-1.42421060032032
-0.501125820418471
-0.897588952393266
-0.485263423822553
1.08561855031197
-0.466194966408144
1.68370188930371
-0.465181566272485
1.91001904889906
-0.32498896357795
~
-1.62900809765005
-0.471457226176842
-1.38388223360296
-0.504905687246135
-0.893334024612252
-0.491247837835754
1.10699978519083
-0.468893424839745
1.70556856614766
-0.463819318542008
1.9130454508617
-0.323116729569378
~
----
@Two hands zoom in
-1.7532703659792
-0.299388353719426
-1.63588848748817
-0.410790977258865
-1.14350316635008
-0.465227144585217
1.24277994005522
-0.0143388071460454
1.78811123094251
0.424290344603474
2.00205455978422
0.643157864786977
~
-1.73495361849351
-0.357775214599987
-1.61027931236443
-0.471550857236327
-1.12134584821136
-0.505669948080868
1.27168486628558
0.26282532881227
1.6974581156602
0.801641414145327
1.85494460901009
1.05644053017989
~
-1.718688304263
-0.398839654441086
-1.59116190019916
-0.522677619504085
-1.10563282381754
-0.539527556812438
1.20544367733767
0.437794651793063
1.51641265103979
1.05219246167729
1.5728820555309
1.26672767861432
~
-1.70807958365162
-0.422840014437998
-1.57727325345611
-0.546763527609297
-1.09777695409381
-0.5592742278997
1.12857757296452
0.491444074866306
1.3686544892163
1.10827900025658
1.4279087089642
1.38263605676939
~
-1.70009653368439
-0.431068823818771
-1.56619704436673
-0.561681403158407
-1.09227250586647
-0.566342366142637
1.10779974737138
0.459940293505547
1.35427690400767
1.16371050306649
1.40792219538251
1.37647040326707
~
-1.69193217200443
-0.424575492904082
-1.53811805192175
-0.556161505223083
-1.06896872236564
-0.557135921434696
1.18749006860549
0.347085877626859
1.52076671601797
0.911609052678463
1.56680167405321
1.11714556154078
~
-1.69346567110071
-0.399893425532895
-1.54436396667935
-0.526565007394699
-1.07165210411972
-0.535812436785755
1.24158864037953
0.132394702018318
1.6949708793038
0.607717123057147
1.8393917887521
0.853798894749971
~
-1.71087554549999
-0.360841964689205
-1.56491236066982
-0.489106396770427
-1.08507180549367
-0.513546014425638
1.26522462046721
-0.0947809362728009
1.81516873302933
0.224415115808639
2.0371442005549
0.391865227706884
~
-1.72341040092751
-0.324043101560878
-1.57741155594315
-0.44413011609912
-1.0927027488662
-0.491248550217912
1.18977475987649
-0.253654648708113
1.76755832011992
-0.168878879048667
2.01258510566306
-0.0521802279804396
~
-1.72456141566055
-0.300269662550663
-1.58406832515762
-0.408018474184009
-1.09905701371208
-0.483917830787784
1.10737937454463
-0.347667966133043
1.68300496745185
-0.340186875406685
1.92655429493459
-0.273118243274449
~
-1.72300845452088
-0.268113552534783
-1.59089963220707
-0.388647561393122
-1.10450451998768
-0.464176515740375
0.990699848997136
-0.425045483538902
1.59348097285763
-0.46013335760203
1.84183736465288
-0.389344723133531
~
-1.72989823546288
-0.230043183956388
-1.59754055526975
-0.36170679569283
-1.11528519415788
-0.459060693938341
0.978049237250256
-0.439579019268236
1.57717386189209
-0.493307310824638
1.82990249300063
-0.438135855706094
~
-1.73909181163964
-0.201117221207486
-1.60004282538835
-0.333333440686225
-1.12275878465081
-0.450507842730975
0.972046378874478
-0.443744654761508
1.57898308303557
-0.497195067962335
1.83627679511908
-0.442933248105985
~
-1.71887113637077
-0.199190422783162
-1.60456484179137
-0.319507655290839
-1.12773113783216
-0.438303113577041
0.969635790029826
-0.445670067306832
1.58546683873639
-0.494053332083962
1.84519948827696
-0.438594847459567
~
-1.69973190633293
-0.205664384333832
-1.60537682847165
-0.314699806618076
-1.12939363712878
-0.434079870362567
0.969764323917223
-0.447045137510384
1.60090694216242
-0.487389286132852
1.85651911361148
-0.426441649808517
~
-1.69663886496323
-0.205958499819019
-1.60378308210504
-0.309310749658219
-1.13059298714596
-0.431260901936022
0.967379623187952
-0.442798025540659
1.60236397187391
-0.479332119462894
1.85734715729292
-0.415835177179804
~
-1.70836172712648
-0.201662017927648
-1.60784186659592
-0.310126062402279
-1.13402838804828
-0.429659416243156
0.967274687631475
-0.444865994020609
1.60462638217421
-0.478095805434693
1.85880520808243
-0.413074965061415
~
-1.71903443349751
-0.200088190906579
-1.61435177442233
-0.3114805130443
-1.13945305281891
-0.431001762447094
0.967284188218023
-0.448584360208656
1.60866729264816
-0.478334476403758
1.86309954982813
-0.41119410920427
~
-1.72975492429177
-0.193910308464094
-1.61548688458275
-0.311728241329223
-1.14048241748276
-0.430645335071862
0.966830253898716
-0.451017350203773
1.60759007139756
-0.480269209792717
1.86186678582332
-0.413677157375921
~
-1.73744283759868
-0.188184913246375
-1.61726304590128
-0.311088898507334
-1.14156110434253
-0.427288008459427
0.964565430821853
-0.451479059122582
1.60685394997769
-0.480845892392067
1.86409043514606
-0.415792380547187
~
-1.72389718818597
-0.195305284274096
-1.61745230409321
-0.310179844190941
-1.14065160193999
-0.420790875644645
0.96376124384778
-0.45100261539664
1.60012410361522
-0.482308549940039
1.85921822482013
-0.41771303387351
~
-1.71401924492882
-0.199005314572179
-1.61880255151363
-0.308463137258366
-1.1409618859507
-0.419270373988008
0.962197073558765
-0.452042026584221
1.59959829531513
-0.483350555445617
1.85891401397586
-0.418505112488289
~
-1.67957207624724
-0.225401123809972
-1.61870298632719
-0.308711111807266
-1.13925037758947
-0.415620782465702
0.961342537723991
-0.454298694330625
1.59723788507436
-0.485717593351712
1.85648811583745
-0.419786720660333
~
-1.70005232734973
-0.209616708163474
-1.6182290288686
-0.307997585823809
-1.13877337898108
-0.413538544863554
0.961131998761526
-0.455017534442233
1.59725269046249
-0.485617929569493
1.85465399142879
-0.418054226776271
~
-1.70141336836817
-0.209902875845836
-1.6187093858375
-0.308532022062931
-1.13897357846079
-0.41404502874699
0.959529797566871
-0.456531704726415
1.5975968163918
-0.487587447991411
1.85560106742199
-0.42064784441491
~
-1.70641482233965
-0.20568198739378
-1.61762289106678
-0.309028098232412
-1.13849029552819
-0.411315187048952
0.960370585132324
-0.457525608837295
1.59409144779395
-0.490443391352116
1.85663367901797
-0.427607472739169
~
-1.72417626498226
-0.193534697499149
-1.61626114068516
-0.308314360329212
-1.13785038382146
-0.410668150507068
0.960373190820053
-0.459051647151966
1.59528876491906
-0.491251172634179
1.85926305467823
-0.43039394067787
~
-1.68189537762141
-0.226167923543141
-1.61765453732744
-0.308505342301759
-1.13888069794579
-0.40968783525588
0.960759608683345
-0.460103247333069
1.59759796310857
-0.492791079934457
1.86193921637265
-0.433069949400764
~
-1.68637879269986
-0.218611218440725
-1.61769903846035
-0.307081830403542
-1.13893523101366
-0.409373114851642
0.959927812083633
-0.460989090680309
1.60054552351396
-0.494137021677818
1.8659502630723
-0.432667963566061
~
-1.684851894655
-0.222164632324507
-1.62174752891191
-0.30661549548056
-1.14096737525303
-0.408708138622743
0.966030766374541
-0.462324818626787
1.59789330601911
-0.500270484684846
1.86986726653928
-0.440158157857994
~
-1.67983413229662
-0.225831362621018
-1.62095458301895
-0.306382342376101
-1.14050404632284
-0.40746460350935
0.966681339164131
-0.463290601608543
1.59836497979493
-0.500559415950576
1.86526120501316
-0.441389872228097
~
-1.68820750621126
-0.218928383876505
-1.62138035923341
-0.30653008765823
-1.14073148191628
-0.407320935861289
0.966618699371921
-0.464326164499661
1.59757745388901
-0.50144254008256
1.85958366667478
-0.443230125756988
~
-1.67845762550824
-0.223767240176441
-1.61945885631699
-0.305771688738044
-1.13914937225036
-0.405107444864228
0.966146191405097
-0.463883202198022
1.59903198224019
-0.500196759939034
1.86956391592623
-0.44330314886088
~
----