@Right hand swipe left
-0.608817292141009
-1.2631873568124
-0.713955740678628
-1.08447988880156
-1.01572267111418
-0.53289103175416
1.11202558111818
0.215788897509401
1.62785456578959
0.589188277367564
2.18300148714408
0.829230810773357
~
-0.610852083386144
-1.26485878133952
-0.713661696963564
-1.0848239730169
-1.01550717522463
-0.533530851382661
1.11427493706686
0.206790099630789
1.62395146457509
0.588369692597944
2.18261779265447
0.82900319515223
~
-0.609857917121965
-1.26627967134316
-0.713853760966401
-1.08681213278076
-1.01607330050631
-0.53584409704848
1.11273048140781
0.213048566894698
1.62600660952676
0.590076028597565
2.18325004926256
0.831273365506334
~
-0.611310104851773
-1.26680831272023
-0.714903136494278
-1.08701001638707
-1.01732426942838
-0.536136587971815
1.11258263857337
0.214363176244274
1.62665867292165
0.590499728573312
2.18268406306206
0.832556403141315
~
-0.611429194770905
-1.26662177199134
-0.716000705343971
-1.08739521297993
-1.01759679920431
-0.536354772782668
1.11190726979076
0.216293596084805
1.62614369975502
0.591978775216126
2.17904951972183
0.831584448327804
~
-0.611441965128469
-1.26664219005745
-0.716423270629196
-1.08759187165763
-1.01757592135289
-0.536382823961715
1.11172150633121
0.216974225642171
1.62662511646209
0.591729538682394
2.17914201425353
0.83181396748541
~
-0.611906207385923
-1.26694539821843
-0.718230297994154
-1.08847294355993
-1.01797125225564
-0.536211677431637
1.11181425636746
0.2179718078309
1.62804575364034
0.591565689068666
2.18150565650551
0.833033062456584
~
-0.610718303662585
-1.26677579269032
-0.712858024590918
-1.08588534528635
-1.01795420509529
-0.536399510759452
1.11165868832854
0.217957647279503
1.62790815329394
0.591229736038932
2.18415691179
0.833279515279262
~
-0.611634018700132
-1.26716360365893
-0.715314693218166
-1.08715826383463
-1.01796707304133
-0.536651428712388
1.11161320431789
0.217616078535881
1.6284376891807
0.589805128109576
2.18382343055731
0.832890082930894
~
-0.611648323318274
-1.26588764882067
-0.71707044432111
-1.08706489883989
-1.01785744624059
-0.536078335102149
1.11110076842568
0.219046238845573
1.85127836475911
0.660260123138412
2.18644810838268
0.832423754790578
~
-0.609394226242578
-1.26356701563413
-0.714809320027155
-1.08521593709615
-1.01501359747712
-0.535112948428389
1.10940045575259
0.22071741751432
1.84749621940492
0.662611889698284
2.19047491872189
0.832059788897098
~
-0.609839658306595
-1.26445101934932
-0.715152290637118
-1.08600734285926
-1.01498649459199
-0.5359202240333
1.10985369610811
0.219085927637789
1.63292637048394
0.580427925644697
2.19098949621155
0.831527638531078
~
-0.610104074213639
-1.26494328469877
-0.715548881032207
-1.0865148548485
-1.01506204653428
-0.536346358744648
1.10993898448631
0.218792426319831
1.63320780401545
0.579841309839923
2.19171972671988
0.83130318048789
~
-0.609676130032117
-1.26495233213278
-0.715628428722302
-1.08680817251531
-1.01588844567744
-0.537153710090027
1.10982507961482
0.21883938096274
1.63319367570534
0.579528370705759
2.19191820082864
0.830915859063434
~
-0.609587579884049
-1.26456901258073
-0.715605441671206
-1.08665638078538
-1.01560060384525
-0.537122706911905
1.10978064484295
0.218060200918024
1.84674859203706
0.66044720291981
2.19206626645431
0.830353425963048
~
-0.609555882696585
-1.2642542222286
-0.715307567750303
-1.08620383849279
-1.01516574206716
-0.536880039165214
1.10977016064322
0.217566302434916
1.62402751665195
0.590430076017193
2.18949370595053
0.830238239571139
~
-0.609724314496008
-1.26393756394188
-0.715821316445639
-1.08612655332429
-1.01506565127124
-0.536758243060461
1.11052477355515
0.214072104523324
1.62098578899604
0.591682993472128
2.18594068131646
0.83159175541531
~
-0.608784187274276
-1.2635221172844
-0.714566785073506
-1.08581048082814
-1.01300114061389
-0.537068558973309
1.10908286334948
0.215689409557635
1.61903530026698
0.592427820770493
2.18240461047972
0.83288929057944
~
-0.607784812263339
-1.2633691775221
-0.713839183637236
-1.08571255150575
-1.01302286451536
-0.537195072242607
1.10967808796893
0.213800962409919
1.61712730467515
0.594039181558567
2.18386272609471
0.837132897303784
~
-0.608047525389134
-1.26375753596978
-0.714230703942223
-1.0861835522905
-1.01301024178739
-0.537625053391074
1.1086391363539
0.21709107311424
1.61713520768967
0.595624621155712
2.18378584838234
0.842068280090857
~
-0.608066158662027
-1.26432463796426
-0.713708758315458
-1.08639875092202
-1.01299269486722
-0.538064187979493
1.10815907820434
0.218532398237797
1.6144336543138
0.599842645900886
2.18418223744947
0.847267341622277
~
-0.608162484623264
-1.26480260389681
-0.714195680219704
-1.08703307956948
-1.01338757662938
-0.53856694748425
1.10792786593924
0.21956489397119
1.6135063259797
0.60188635228668
2.18378703717382
0.850595079241971
~
-0.607787176843002
-1.26494964447813
-0.713751995066865
-1.08713871944424
-1.01295854618499
-0.538857925255509
1.1057568927868
0.226660670781246
1.61453376921211
0.604443322741268
2.18432831965814
0.852728834185197
~
-0.607755263378348
-1.26484493214899
-0.7134171003816
-1.08696966821413
-1.01220480442147
-0.539020424224499
1.10651579379408
0.222832228342291
1.61199803902448
0.604257844949235
2.17930876215898
0.851979150465287
~
-0.607445562636764
-1.26517367667655
-0.712858607794721
-1.08714493563348
-1.01230393480458
-0.539658150704179
1.10585662788776
0.224592595807127
1.61312455218368
0.60351571926864
2.17931025140766
0.85237509593396
~
-0.606436463601053
-1.26430609476284
-0.711470715807588
-1.08632772376278
-1.01028084307608
-0.539594174931369
1.1055396778565
0.222278636633458
1.61143432965893
0.601614327210269
2.17782479685528
0.850085011551116
~
-0.606046535992395
-1.26423682836797
-0.711175057931908
-1.0864698892221
-1.00970703125335
-0.540092972138288
1.10431656137893
0.224640033155959
1.61160026149117
0.601164582823167
2.17825847598541
0.850070508686648
~
-0.606544005565561
-1.2644201080399
-0.711712977748294
-1.08616746021358
-1.01155616833089
-0.539071903796347
1.10231957320171
0.235281567072636
1.61604663026454
0.604974166111925
1.8692405164533
0.724477816140986
~
-0.605252102070131
-1.26483502583619
-0.70988952728441
-1.08653521254145
-1.01072813303833
-0.540712001352124
1.10206590015402
0.23379398973315
1.6146494371865
0.603599080364703
2.18124066766176
0.85243975014346
~
-0.605441820667354
-1.2662325857202
-0.709991486623966
-1.08782841348138
-1.01113633946226
-0.542133176607952
1.10282632119062
0.231674119522306
1.6140659433238
0.60334097067273
2.18221788981705
0.853318832680764
~
-0.605347825783152
-1.26702384101803
-0.710149634831564
-1.0887577610695
-1.01068565504973
-0.542960099505974
1.102657174596
0.232002717520773
1.6141328690275
0.603116870006455
2.18238084282874
0.854186403685089
~
-0.604144981603639
-1.26809990050253
-0.708919496167382
-1.0901484694041
-1.00972319320043
-0.545365455748188
1.10303803878482
0.228175775382661
1.61218774939522
0.600744160598158
2.18056090334776
0.851321093844081
~
-0.603853754455763
-1.27005741909837
-0.708975213872077
-1.09205686631205
-1.00968317269862
-0.546700680856372
1.10343811824025
0.228840908603645
1.61352791123733
0.600996729177461
2.18450981296849
0.85274918843811
~
----
@Right hand swipe right
-0.899914716002788
-1.25423418150652
-0.886096863122729
-1.0700462496067
-0.997457904680758
-0.519643273303049
1.000283268583
0.635429755743901
1.56722204703042
1.18233254899122
1.77051275400806
1.36467948922654
~
-0.91714414051254
-1.24228720503875
-0.875808386707148
-1.06138615574796
-0.994946793429458
-0.515770050929451
0.995904295107086
0.624143206788386
1.56302502826396
1.1628589185123
1.76275706032331
1.349143961427
~
-0.908350918645082
-1.23561168598289
-0.870613911560657
-1.05394057991729
-0.996106562739329
-0.513036294345261
0.992462638031668
0.618478292692457
1.5569614983058
1.15448228282355
1.75637548650112
1.34154966039593
~
-0.919810066792028
-1.22537248342959
-0.865236619636483
-1.04900104227381
-0.994098630767284
-0.511006298096133
0.98685224472531
0.611463884402169
1.5488339187923
1.14444553545469
1.74838774552229
1.33240697051219
~
-0.920395387259647
-1.22188702408841
-0.86601175689508
-1.04641876475089
-0.993392884060729
-0.509424375612047
0.985193521649532
0.607420026260842
1.54468034432994
1.14005080898246
1.7428816255368
1.32575455660372
~
-0.921080845302671
-1.22004052807195
-0.865946861333741
-1.04523689504864
-0.992385235183195
-0.508366220892423
0.983867100005652
0.604268531323608
1.54327751920325
1.13717560740699
1.69437985479376
1.24231148104231
~
-0.796106060725581
-1.2135334681307
-0.866972269291964
-1.04418730562479
-0.991549962008155
-0.50752294647485
0.984022844503084
0.602160887516283
1.5423685335191
1.13548442582465
1.73100754578019
1.29486777347368
~
-0.701779431688963
-1.23039892976289
-0.869288529159996
-1.04582316738428
-0.99138405277607
-0.507928692242871
0.983231792234824
0.597665369344769
1.54176047962182
1.13264095466973
1.73515770817133
1.29807131072543
~
-0.782867818408229
-1.21066460942661
-0.870002761755356
-1.04802247279998
-0.991794672005895
-0.508766944875653
0.985699742409066
0.598402678594116
1.54603463941522
1.13459087733169
1.696089444511
1.24230006674285
~
-0.855612344111238
-1.23361981083064
-0.869095362147528
-1.05001164489976
-0.992143888693528
-0.510320035104537
0.98651844078117
0.597969003097683
1.54759192299412
1.13494624804492
1.75138922287227
1.30702771990478
~
-0.873078683481868
-1.23523709496332
-0.871713399336671
-1.05107472429753
-0.992756843792368
-0.510535490760333
0.986484349846782
0.597965000263772
1.54782425215679
1.13597577049229
1.75816349689982
1.31696385783344
~
-0.891418550587038
-1.23529196919292
-0.875255615660891
-1.05153200755705
-0.993994641731084
-0.509576543330436
0.9884310446097
0.601010037754962
1.55120945209349
1.13993210645491
1.76573385025755
1.32807652391072
~
-0.703850125048006
-1.23652096628509
-0.875846252177849
-1.05354806284642
-0.994161189366087
-0.511076154404197
0.989016298136268
0.600707886278585
1.55220751793349
1.14028641250812
1.75978238237096
1.30996605223995
~
-0.704582332633161
-1.23825115430186
-0.876993019705947
-1.05509324993376
-0.994541016479352
-0.512087618989801
0.989590789671393
0.60125567195908
1.55331540967165
1.14121022350948
1.76590569961773
1.31966261609798
~
-0.705762501884922
-1.23855898291904
-0.875239285499305
-1.05311352204106
-0.991143648755535
-0.510708479102088
0.987766634500428
0.599619035017765
1.5507464044111
1.13851994447967
1.76502023360163
1.31962291076206
~
-0.704346384925214
-1.23726224032098
-0.873915125949851
-1.05176175579296
-0.98980944942543
-0.510062092111249
0.987161818496941
0.59968123016706
1.54929589851865
1.13897449573703
1.76541233456475
1.32340293736517
~
-0.704792228613122
-1.23585612598196
-0.874156930852952
-1.0498896995029
-0.989756687452768
-0.507786344749707
0.986764277383356
0.600459842839967
1.54889665895503
1.14074689136279
1.77983503727376
1.37222738421054
~
-0.705862245832842
-1.23434678286253
-0.877129032340619
-1.05028189953955
-0.989231143001576
-0.507588841623082
0.986199301312596
0.599517721488172
1.54820815211298
1.13952512470971
1.77702517203496
1.36062365080827
~
-0.705759806383018
-1.23394563045891
-0.877039964865634
-1.04969973300563
-0.989108963990535
-0.507282709929585
0.986141803426079
0.599247236880809
1.54858749044203
1.13854153295041
1.75921235971503
1.31443526157793
~
-0.706561993196917
-1.23433251954482
-0.878035072363356
-1.05003106743341
-0.988999293882236
-0.507402890086859
0.985965688500533
0.599206785199717
1.54836476411127
1.13838577384199
1.76053369305901
1.32088878924073
~
-0.709084373832964
-1.23569088962542
-0.881276953849774
-1.05158849299525
-0.989670235511181
-0.508107924635455
0.986019659119509
0.599276204729691
1.54870290074349
1.1387415839909
1.76200814731689
1.32342155829409
~
-0.709236674159903
-1.23648456621645
-0.881676710216538
-1.05213519449833
-0.990310739131107
-0.508575654720245
0.986179106699797
0.599483873014084
1.54870633823759
1.13968046263193
1.76455452705329
1.32665674503803
~
-0.70527290132643
-1.23721740779872
-0.877406342259833
-1.05208901223197
-0.990930504943161
-0.508989183402025
0.986337355053579
0.59924415889375
1.54859290994271
1.14035938066805
1.76575419944849
1.32906869766129
~
-0.704221818154056
-1.23754019018448
-0.876190998638818
-1.05202753952758
-0.990702611090042
-0.508988324890288
0.986856004588661
0.599721254921197
1.54936068616154
1.14091709609486
1.72003270712957
1.32802973459382
~
-0.703928975048972
-1.23754489444852
-0.875980420152785
-1.05213116088878
-0.990245713573612
-0.509213138578039
0.98650930840369
0.599331948673661
1.54833615331673
1.14106882778571
1.77604482520069
1.35999837529372
~
-0.703686749397909
-1.23732090668597
-0.875736754110881
-1.051807886411
-0.990158517701695
-0.509125637623299
0.985772812386921
0.59920605371911
1.5471271831148
1.14122844989708
1.77408800135301
1.35531402512147
~
-0.703718138621317
-1.2365467581646
-0.876055254036551
-1.05081654577659
-0.990044487327031
-0.508303420064711
0.986209987692129
0.599451316665936
1.54772951550005
1.14163934874044
1.77361962546541
1.35337204139876
~
-0.700144848583129
-1.23553966115959
-0.872334670187572
-1.04946710747341
-0.989447748235591
-0.507857147998344
0.986155836124931
0.599411562395501
1.54789716224395
1.14088880012121
1.77285913619027
1.35184255454563
~
-0.699279274792779
-1.23420851329674
-0.871327709542021
-1.0481605591363
-0.988127324431661
-0.507198245125311
0.985872833145189
0.599157551772293
1.55269218528711
1.13440735430323
1.69556302447765
1.25604239687801
~
-0.701747614649515
-1.23338489434487
-0.874364943505104
-1.04711032177759
-0.988993772542812
-0.505437020803897
0.987670884202551
0.601251321273269
1.55493604624947
1.13748420509646
1.7620934854158
1.32722991568486
~
-0.701306242515003
-1.23375714400931
-0.874146330230957
-1.04730338791703
-0.989068539312129
-0.505460594025145
0.987494260250682
0.601087966332298
1.5540387698116
1.13836714899517
1.76419967676847
1.33317211271905
~
-0.702833754541472
-1.23464076405866
-0.876359735649882
-1.04855072596712
-0.989135407463248
-0.506305407716367
0.986996647630156
0.600605402259197
1.55340079081929
1.13797620491626
1.76633035904106
1.33408252347958
~
-0.703208670890094
-1.2340402957326
-0.876995476877589
-1.04798916333162
-0.989182417936023
-0.505903365982406
0.986547138030922
0.600645563532799
1.55255984818019
1.13822624296081
1.7659898734801
1.33489429233063
~
----
@Left hand swipe left
-0.584421305181115
-1.19440018920305
-0.680367978293271
-1.01530024114437
-0.968207997629739
-0.478000347447173
1.1677477344288
-0.0863940888914219
1.92475161787416
-0.0279897120754825
2.19340852244718
-0.0594490259024375
~
-0.336440463167131
-1.35761938001975
-0.49439187910659
-1.13791819814591
-0.968246027758029
-0.478814702107859
1.16574103570048
-0.0911660767586683
2.00652981930729
-0.0596400884562218
2.20498458348731
-0.0743283980845296
~
-0.334043202057431
-1.35966326463773
-0.492783878407619
-1.13974454516259
-0.96900580819265
-0.479988783799302
1.16627096036002
-0.0935699997551281
1.91434554994247
-0.0362030086232151
2.1842821864132
-0.0646151370370983
~
-0.574094656317957
-1.1941924976689
-0.651361829135333
-1.00938491254838
-0.970553903934467
-0.480106115625596
1.16601337977037
-0.0946983120205664
1.92109290994226
-0.0365200422212039
2.19121953930715
-0.0651509615461462
~
-0.57774612749461
-1.19975425191541
-0.676007091496094
-1.02012483497318
-0.970790083024568
-0.48123653438447
1.16482572053615
-0.09721293871376
1.92648769934743
-0.0369607217430718
2.19691925235876
-0.0655027685507556
~
-0.581792771440076
-1.2018292051953
-0.679285880003384
-1.0219779669709
-0.971765305310759
-0.482424351915169
1.1642468657788
-0.0980981102457687
1.93045304338077
-0.0372308267895202
2.20097439173517
-0.0672615532861091
~
-0.76787686578321
-1.12737658736809
-0.629283437543576
-1.00169306637493
-0.972074105118397
-0.482169991676997
1.16379659351854
-0.097016591123263
2.0084727908818
-0.0539709472400738
2.20582566783577
-0.0770894752502793
~
-0.356743838488607
-1.35104655950522
-0.510385774575414
-1.1336384938188
-0.971311483139102
-0.481414446304636
1.16530673085389
-0.0956289435006965
1.95558079357054
-0.0378221860671939
2.2257425875166
-0.0679852579192335
~
-0.352407653473656
-1.3549632937928
-0.507315402165553
-1.13658756736917
-0.972038598351034
-0.48146018853744
1.16702217824117
-0.0924816281730677
2.01220705266401
-0.0441634856073383
2.25135815926833
-0.0698276571566061
~
-0.344510370743012
-1.3573855518194
-0.501487571218261
-1.13873798864961
-0.972419072881057
-0.482795299140249
1.16754118577225
-0.0933597019445764
1.97667397443304
-0.0395722084632643
2.24694537223661
-0.0699821003570566
~
-0.343759926478543
-1.35344031609945
-0.500121819739454
-1.13549208106845
-0.96920739990515
-0.481647475592485
1.16515391057824
-0.0902997703710823
1.95531218132226
-0.0357575984863869
2.22582643522256
-0.066707093410218
~
-0.341273897968302
-1.35336075135737
-0.498175699300289
-1.13545888203154
-0.968881003684789
-0.481753224248319
1.16436054426006
-0.0913950741539755
1.95308700067144
-0.0355837423889176
2.22355941750724
-0.0663229186067405
~
-0.341038050673422
-1.35343643605006
-0.498030615710843
-1.13585393015608
-0.969008310823108
-0.483106512095242
1.16545292902311
-0.0909753174171925
1.95111046182899
-0.0350714775652964
2.22158419132446
-0.06596853291089
~
-0.338477986178669
-1.35293192384192
-0.496094917723221
-1.13558790957595
-0.968945612810575
-0.483555866778033
1.16666355156281
-0.0919388341782507
1.94827740119591
-0.0349835186129387
2.21863390120679
-0.0648347660056927
~
-0.567852506097067
-1.19737741946512
-0.651223921626501
-1.01416178880895
-0.969394687297886
-0.484096737062589
1.16666118381232
-0.0913042937192913
1.94740783876654
-0.034578808451411
2.21769392470705
-0.0643330577633157
~
-0.334624719473512
-1.35299340225374
-0.493361251935545
-1.13585689575358
-0.969570799554436
-0.484447525554731
1.16740537541781
-0.0916849154775783
1.94647041418596
-0.0346914621957674
2.21680149388542
-0.0641006705459291
~
-0.318771324934425
-1.36068063147081
-0.481469275421892
-1.14189016312408
-0.969563077163186
-0.485519006689415
1.16685142319374
-0.0921623089797078
1.94483190297058
-0.0347641645939599
2.2149340556566
-0.0636901390547651
~
-0.569391618632167
-1.1969783563387
-0.645020439096378
-1.01052367974923
-0.970025831644242
-0.485695530580596
1.1687838442272
-0.0897465542790856
1.94442821098666
-0.0341358216284515
2.21450135280176
-0.0625225077210441
~
-0.570372458557924
-1.19679148913844
-0.669967968749875
-1.01863305479526
-0.968754399928813
-0.484157751765742
1.16921445179004
-0.0881031643139892
1.94003141591043
-0.0320748875360945
2.21005734968913
-0.0598218345924895
~
-0.563851749951919
-1.19069794693689
-0.654630795279548
-1.01117904821281
-0.967838958126283
-0.481929200181667
1.16934972505898
-0.0860918829829774
1.93529677802365
-0.0300467756399894
2.20505312223155
-0.0579796584902586
~
-0.32138271885226
-1.35718545067786
-0.483455747594593
-1.13853203046535
-0.969674784125892
-0.482571571045026
1.17033654138055
-0.0869305981468654
1.9366833225903
-0.0301498584682321
2.20675509298388
-0.057521081346868
~
-0.328323746494012
-1.35412007795865
-0.488497633447403
-1.13609247873218
-0.969019244616216
-0.482009730744123
1.17101345452949
-0.0865878280477272
1.93685882877319
-0.0300562537853242
2.2071014132174
-0.0564447510339609
~
-0.330463314764737
-1.35385185003669
-0.490359128524595
-1.13596192512415
-0.970046520109255
-0.482292299471274
1.17077946929141
-0.0871802558684106
1.93697214074491
-0.030025243301435
2.20745200423686
-0.0540607588838902
~
-0.330166113714555
-1.35376850474096
-0.490195051335744
-1.13580887417057
-0.970281814512162
-0.481929932772242
1.17093872186677
-0.0862131641063091
1.93945123005115
-0.0291955967180829
2.20989708433695
-0.0531277344822551
~
-0.331507278949359
-1.35254801814361
-0.490934201345896
-1.13443418484474
-0.969214968535508
-0.480092684948113
1.17937508559381
-0.0767845335494581
1.937882057581
-0.0292304688596245
2.20807450704065
-0.0529466832709709
~
-0.33499348650982
-1.35022415948432
-0.493753654538122
-1.13298121552808
-0.970034109012879
-0.481252334049224
1.17769364334247
-0.0788374978088811
1.93716381352671
-0.0301567448327097
2.20736737805797
-0.0530786679257988
~
-0.339595755736778
-1.34708148523957
-0.497164159540122
-1.13015328699561
-0.969869321333859
-0.479368841112631
1.17464351189782
-0.0790251262272441
1.93554671073246
-0.0292065949760152
2.20585539406234
-0.0518555654641945
~
-0.353329364088816
-1.34303691862136
-0.507743842653637
-1.1272944566761
-0.970987179040373
-0.480067219801903
1.17495364381739
-0.0822824723946657
1.93858721357354
-0.0295989039041073
2.20889043314692
-0.0537339835599995
~
-0.344143457656189
-1.34742479300564
-0.500878294898748
-1.13056266114236
-0.97108270735126
-0.479976116639766
1.17380926554967
-0.0845818950748772
1.93844833223581
-0.0302089116964205
2.20863333959466
-0.055203047856801
~
-0.57097541382099
-1.19194404881949
-0.653087858290287
-1.00953288054445
-0.970714624721964
-0.480328863097988
1.17218611927375
-0.0863186368254312
1.93807737168579
-0.0301419886326856
2.20824946432705
-0.0549133317252854
~
-0.324672051471419
-1.35546125307726
-0.486354400492554
-1.13685012706945
-0.97140139791701
-0.481016897962895
1.17232887145375
-0.0872967819734749
1.93734714019423
-0.0303385442701344
2.20782918168243
-0.0539925462411419
~
-0.331853849336999
-1.35164250920577
-0.491649036608839
-1.13412728408132
-0.97103459842436
-0.48158160870796
1.17216818535469
-0.0881048642536869
1.93745527898597
-0.0303889958983074
2.20803996416813
-0.0540276874590509
~
-0.334674917316328
-1.34938781414316
-0.493828239294523
-1.13291740299195
-0.971288205229106
-0.483506169538334
1.1707088969059
-0.0894088556282619
1.9384417463057
-0.0302045798805785
2.20910403527702
-0.0535660386817077
~
----
@Two hands zoom in
-0.53018001034738
-1.82814566606242
-0.673739576335307
-1.58571368823306
-1.07832818981069
-0.794541733478084
1.20052415408445
0.392890384095337
1.65533848784687
1.00806699781508
1.95634580785569
1.15090378601416
~
-0.527826154374164
-1.81624881349877
-0.673984034486295
-1.57770012481095
-1.07254464065656
-0.790791212466163
1.22485437661414
0.125906383964102
1.52593744218853
0.896151647341896
1.82460532162741
1.0413548279026
~
-0.524882289973241
-1.8097174373485
-0.674428963530645
-1.57441450781672
-1.06787470403633
-0.788604815489253
1.19943598849162
0.365053062317708
1.8380302611704
0.934071530287987
2.13633444266467
1.08851974592421
~
-0.525169072408636
-1.80500958010981
-0.675282788831577
-1.56998309490998
-1.06583098947145
-0.784995611000836
1.19402345044869
0.384974159158445
1.66730298179829
0.983423867271967
1.96268659762895
1.13304791762467
~
-0.52116227971374
-1.79133371533039
-0.67243032334393
-1.55928274580198
-1.05644865019439
-0.778007071317329
1.18910820247028
0.391185759338387
1.66433228309087
0.983016030424294
1.9590123948043
1.13386016710386
~
-0.536805671029794
-1.7867354940042
-0.669588407746022
-1.54624155824677
-1.05072273657496
-0.770000870365814
1.18639319082839
0.413112482450729
1.69889740361047
0.989298046672254
1.98425115114073
1.14394957695335
~
-0.520676580848977
-1.7602268109481
-0.664555596789021
-1.52938299252502
-1.0449767381702
-0.761458589170463
1.18330278642152
0.411579837356502
1.78694482492642
0.900589787697899
2.0776347760973
1.0500212032587
~
-0.543713445991822
-1.78750983303937
-0.672084367481752
-1.52956096508854
-1.05719720145661
-0.755714222225944
1.18823463266336
0.417924059931822
1.79595391224597
0.907987040932699
2.0962643106098
1.05566528808823
~
-0.55986262601026
-1.76799642167896
-0.685281589540096
-1.51055215859445
-1.06153861849378
-0.738219369340901
1.18338335858723
0.420947992448689
1.77656096537539
0.890927916919075
2.07882761198037
1.03603720983825
~
-0.56448003721349
-1.77556867745783
-0.689924481025025
-1.51620514643053
-1.06625795173526
-0.738114553348626
1.18935582754019
0.419612553824469
1.85052717726771
0.876771101046166
2.14101686126369
1.04032880788722
~
-0.641870965854795
-1.49502210906765
-0.694854266103748
-1.50763618994939
-1.06561754413269
-0.731470248603461
1.18973480224766
0.417465099189147
1.81385668981531
0.869001157789435
2.10962530101682
1.02425247216902
~
-0.634548713256576
-1.49448801831173
-0.696424307049121
-1.50019794612518
-1.06260892120786
-0.727587275820961
1.19000745360718
0.412541595000631
1.80334609665771
0.866809982036011
2.09966232131952
1.01953052044542
~
-0.626384666710663
-1.49876457813982
-0.693213386724675
-1.50081465949462
-1.05994820703438
-0.731190388498511
1.1948976547756
0.403328539622884
1.82317437774166
0.857180981750401
2.11588175161685
1.01428649365669
~
-0.622733194529806
-1.50337945118725
-0.695376695653836
-1.50239490460713
-1.06427666629173
-0.730727126806501
1.19755487243543
0.404311465863252
1.83687214014586
0.860979144312956
2.13057615815995
1.01984837651653
~
-0.578184221436934
-1.75312050312566
-0.69837598873052
-1.49638759291034
-1.05895142791445
-0.726188656309648
1.19318882950528
0.403252908968506
1.82963058237162
0.856106525742143
2.12230795360994
1.01497858848308
~
-0.575657317062885
-1.74338110006944
-0.696094529785043
-1.48798752047236
-1.05740630475431
-0.721806781681099
1.1918056790527
0.401274414828562
1.85576446296725
0.856998423711506
2.14303870252472
1.02034246480282
~
-0.575815041488127
-1.73961694061821
-0.696454640165654
-1.48475404546689
-1.05837343619823
-0.720165428325569
1.1896885178699
0.40408266339786
1.82291258643971
0.857900370882597
2.11815181176555
1.01265373727186
~
-0.631204462564894
-1.47967337971371
-0.697126237997816
-1.48063872764112
-1.05956199887198
-0.716989574421002
1.19005328402289
0.404513300778194
1.83916077069974
0.854054415202629
2.13038849613775
1.01366923785396
~
-0.625423175927831
-1.48819294223989
-0.696811121463988
-1.48131866496474
-1.06010325612896
-0.717371381321818
1.19173344978071
0.404606497166445
1.78701350639712
0.865776151748536
2.09237120263376
1.00668789807835
~
-0.624455861803616
-1.48535379504103
-0.69800891527901
-1.48087406583225
-1.05739700856057
-0.717399885140235
1.19016274434873
0.403406508479373
1.82043747677347
0.852341054388098
2.11709681248898
1.00588632025715
~
-0.623814890614268
-1.48591584392822
-0.699575635093804
-1.48201979909276
-1.05631185852634
-0.717764143281107
1.19029506199009
0.402443385642825
1.80783745913526
0.851111613398358
2.10637840441987
1.00205138133731
~
-0.581264260843038
-1.73846093287492
-0.700277221059548
-1.48330101925926
-1.05731596517889
-0.717821141882066
1.18919716920756
0.404904160728241
1.82757849523973
0.849313516452349
2.12146355992267
1.00563881329222
~
-0.582475052395547
-1.73493261154283
-0.700988361740681
-1.4801085751282
-1.05652842605451
-0.715636397745071
1.18517855082484
0.410102714964199
1.78391646621148
0.850420150568918
2.08555677648231
0.998083586242687
~
-0.642812314964062
-1.46916727631952
-0.701260792427342
-1.48143779759455
-1.05768880966107
-0.715935947863522
1.18539337135509
0.411433121631379
1.72256949841363
0.926417395854801
2.02197483050245
1.07058660381055
~
-0.629918937955135
-1.48108277707637
-0.70004166322548
-1.48149080838881
-1.05766289655061
-0.716716123370006
1.18553658122906
0.411924491846744
1.79544892268863
0.8552858966728
2.10011162054618
0.998477194141224
~
-0.629253663812137
-1.48100738460169
-0.69919322467641
-1.48188901410666
-1.05783350496847
-0.717463305513173
1.18668782450112
0.409639338919638
1.85340560978045
0.851455157973961
2.14559178727439
1.00917309035036
~
-0.578791824647491
-1.72329942747943
-0.697417645111572
-1.47034443105942
-1.05329524190441
-0.711479441799394
1.17966711918317
0.411358864657468
2.01210408980732
0.955234593615284
2.24936331316913
1.06106417718938
~
-0.578055155063854
-1.72398466474786
-0.697139375078818
-1.47107941516868
-1.05439203512371
-0.712363801890978
1.17955256793017
0.412630633513957
1.73207943472254
0.911627164951163
2.02634889888907
1.05586410664662
~
-0.624945147704551
-1.46419540486826
-0.695978904390977
-1.4695636458708
-1.05294381539665
-0.712465255505466
1.17846423144983
0.413667801465703
1.84655816063596
0.839697548623402
2.13059180289456
0.99702501566248
~
-0.623799636847323
-1.46514121327371
-0.695407188001841
-1.46968392125635
-1.05202651244798
-0.713220867007943
1.17884768816205
0.412860672700685
1.72891176388345
0.919958355548653
2.02218121971967
1.06178852214817
~
-0.577670836887639
-1.71227807573422
-0.695880435607428
-1.46123144274661
-1.05050936621261
-0.708091342115039
1.1751932702738
0.411839623741985
1.75773924678172
0.855813746222887
2.05945433881779
0.990931720928868
~
-0.630902506812885
-1.44905571840592
-0.695325596764027
-1.46075055667441
-1.04964775913938
-0.708896513325581
1.1743687514245
0.413699584800568
1.76848301916687
0.84196650788715
2.06616245309558
0.982402757896816
~
-0.63219896783023
-1.44978021006059
-0.696744379322926
-1.46171461292031
-1.05150493800359
-0.7082988255929
1.17408601181098
0.415057525914391
1.81442624728461
0.82635744087237
2.10238411608467
0.981193214518687
~
----
@Left hand swipe right
-0.712417201504889
-1.02860300955562
-0.794207911931789
-1.02847777135682
-0.972588673157701
-0.52981183284106
1.03729737010832
0.457835699068389
1.59191599309978
0.884663742671006
1.72362600178692
0.975897881131716
~
-0.714539238620624
-1.02713203951424
-0.794892976876209
-1.02746892757585
-0.972632366240653
-0.529258249479107
1.0368703871003
0.457810213682463
1.58986557514585
0.884075572870795
1.72065350669131
0.97377701054229
~
-0.715529092998872
-1.02525778763926
-0.793173744486523
-1.02712169282907
-0.972776858875335
-0.530001219407084
1.0367934337447
0.459051907422829
1.58750250702116
0.883683733833475
1.71776727182462
0.972934630576655
~
-0.716612049601195
-1.0259238222855
-0.796018618947617
-1.02535738337997
-0.9727649130394
-0.527014883602366
1.03704588762699
0.458179742237615
1.58892873410526
0.884720917558073
1.71983340364273
0.975872573780521
~
-0.716830667412214
-1.02493316764138
-0.795541431206929
-1.02539172633443
-0.972899566435551
-0.526915148528375
1.03710986646626
0.458599699990083
1.58589856574521
0.885011019921744
1.71886234145073
0.976728241103519
~
-0.715009028641748
-1.02623048118969
-0.794635951809798
-1.02598601185662
-0.972231736530938
-0.527673864998092
1.03806986718159
0.459412396145252
1.58626732464124
0.885157042440329
1.71991020066979
0.979242695965304
~
-0.716748986451484
-1.02526562744026
-0.79795240497119
-1.02728958154723
-0.973461965554591
-0.527536030517355
1.03898878287754
0.460580791474274
1.58656668619685
0.886201080706532
1.72090085468918
0.982004271192318
~
-0.717231313529999
-1.02548084798349
-0.797409376795976
-1.0278900779682
-0.972379120368934
-0.528525675915719
1.03924749538011
0.460409184179148
1.58608357639359
0.88622072571079
1.72065873162153
0.982434698156105
~
-0.717557020932845
-1.02455642795495
-0.797254086161353
-1.02647170511656
-0.970519629646879
-0.527309723166554
1.0407926468828
0.461378358928817
1.58502111750844
0.885322942522135
1.7197293037626
0.981182308515545
~
-0.71751763483385
-1.02449723423911
-0.798984048992693
-1.02681171029017
-0.969743173689904
-0.527161902024196
1.0407792253012
0.461181914264268
1.58426260590809
0.884756309009206
1.71923180437356
0.979894788913241
~
-0.717146556655517
-1.02427556692074
-0.799403566299633
-1.02685386388603
-0.96904886337136
-0.527351918175522
1.03948738435558
0.460088239537309
1.58402460116027
0.884695281745093
1.7191292473864
0.978849758348377
~
-0.714593270857306
-1.0247770649488
-0.79765848670385
-1.02690703198368
-0.967877066463008
-0.528139781216953
1.03886531136172
0.459606304487788
1.58239048591071
0.884086626623307
1.71804841289041
0.977890800043576
~
-0.7115724007804
-1.02539671302684
-0.797656567967026
-1.02484708893646
-0.965896762005595
-0.526165469016788
1.03851622594467
0.459964184139716
1.58270306296069
0.884955521158239
1.71938626398466
0.981599714335655
~
-0.710944831512516
-1.02578169477795
-0.7984736791483
-1.02533822467418
-0.965929925864084
-0.526489466869967
1.0380673859128
0.46046509972493
1.58170017241987
0.885880598267854
1.71624034576786
0.982349369492755
~
-0.71039226757759
-1.02674208579025
-0.800883965304141
-1.02431347385243
-0.965709060531169
-0.524803407451574
1.03820008169893
0.46195206028585
1.58202765520982
0.886962264042979
1.71663268312012
0.983827006618456
~
-0.707766287661905
-1.02824869688599
-0.800460324590137
-1.02376806734978
-0.965518270900651
-0.524817624863693
1.03735681466737
0.462015320414552
1.58091369477728
0.887038667696543
1.7156608993803
0.984701735949006
~
-0.709117348388747
-1.0278467588946
-0.799531237256737
-1.02445543067761
-0.96562022874365
-0.526409820651152
1.03708651799627
0.462902550328541
1.58037571270505
0.887301574760629
1.71519444707448
0.985627831191106
~
-0.710075809497234
-1.02778287304696
-0.801974619239893
-1.02571450903537
-0.965500354185962
-0.526479148750041
1.03745508354953
0.463407126534649
1.58031583966896
0.887822014570698
1.71434344452611
0.986117997278547
~
-0.709499809580061
-1.02818354531234
-0.797905135091631
-1.02660336847936
-0.967456845988466
-0.529216795113782
1.03453200731649
0.463332192472714
1.57904529181396
0.889501435962929
1.71298214455864
0.988015252214442
~
-0.711583946948586
-1.02790411620263
-0.800922624336004
-1.02715707152165
-0.967702454851254
-0.528854526584442
1.03400811319574
0.46431998592448
1.57799985885635
0.889879816610562
1.71143101631689
0.989323128942256
~
-0.712687757162823
-1.02898842457864
-0.803182586010807
-1.02947716004486
-0.968244342317176
-0.529919886237337
1.03302142748417
0.464411299658037
1.57561255805405
0.888902470921998
1.70895597403175
0.989007977141534
~
-0.713711989635492
-1.03066451115409
-0.806484833323695
-1.03190064689779
-0.97045726705968
-0.532271325266123
1.0326422560665
0.465430494271126
1.57366347863748
0.888177376625178
1.70561373032072
0.986594812894534
~
-0.71481514898535
-1.03235993415391
-0.811605269649326
-1.03322834953009
-0.971159067125207
-0.531804091993822
1.03343397450709
0.465466651904806
1.5516473120697
0.867471200838258
1.70407447301641
0.985486214551909
~
-0.659135059415718
-1.20619945944315
-0.811544247133402
-1.03170273320522
-0.971415263049607
-0.531158973665603
0.98270839632343
0.429335499069528
1.53887525511183
0.859076864513616
1.70176508145841
0.983142273573
~
-0.658642767945324
-1.2054245259886
-0.810936098869738
-1.03081674365457
-0.972022336110095
-0.531634984165129
1.02814209502615
0.502398326509308
1.55905486106281
0.876883876220488
1.70077227991721
0.983179332219314
~
-0.661384823831007
-1.2032992823544
-0.81282748112195
-1.02787577195572
-0.971358887589142
-0.528712492145081
1.04297904773205
0.492179724849215
1.56051934967236
0.88049974679928
1.70054885193685
0.984112838970332
~
-0.661574992798749
-1.20392074890267
-0.812629131855144
-1.02815997211556
-0.972086415455478
-0.529384107973187
1.03916292884764
0.485091542130301
1.55996882676555
0.88259875504442
1.69902030452576
0.984794307379479
~
-0.716794995578307
-1.03314927644394
-0.812726690950938
-1.02774164530457
-0.97149831069083
-0.528734374651835
1.03901179276887
0.483804686158994
1.55673455081732
0.884076636387524
1.69707152052326
0.985040109419675
~
-0.718431970426656
-1.03157042745751
-0.814059178353403
-1.02735192388557
-0.970225330088761
-0.527775788429098
1.03838897432097
0.482516714528161
1.55387087756675
0.885150892579784
1.6948709844587
0.985357888079773
~
-0.661203610942077
-1.20311965064322
-0.811939742213664
-1.02759557392938
-0.97043871336265
-0.52908489677122
1.03684977403498
0.481812773386608
1.5524051693873
0.886008308839069
1.69361726458125
0.986436792175798
~
-0.715532987730563
-1.03330061362841
-0.812639130036548
-1.02755548565102
-0.9700689817581
-0.528342332456204
1.03610960067131
0.481176674555605
1.54500662407593
0.880133761956727
1.69393517316504
0.987484718217502
~
-0.716177565188521
-1.03247117705223
-0.812605793262076
-1.02684135580331
-0.969471078762441
-0.527626920425398
1.03453195025117
0.480169800787461
1.55223772438151
0.885270128507606
1.69392578257879
0.987960483951129
~
-0.662523494631459
-1.20243758899156
-0.813426262754039
-1.02723645380181
-0.969716806616939
-0.527537896703145
1.03333184808329
0.480192985305274
1.55501836934771
0.887692065800928
1.69450614585025
0.988678739546369
~
----