@Right hand swipe left
-0.649255130546435
-1.80561060115617
-0.675454855860947
-1.5561848847946
-0.66282389134505
-0.901920884494052
0.589722423491632
-0.715053999126993
0.896087716854697
-0.56807126490661
0.847354357319924
-0.614984888230148
~
-0.648380673399136
-1.80337601100907
-0.674172127679813
-1.55415414388656
-0.662583162859488
-0.902544165462861
0.588275902234831
-0.728518065467958
0.89766581740824
-0.561403581858116
0.847617120453449
-0.614288539997882
~
-0.647935502029427
-1.80158947468978
-0.673501397120839
-1.55260627720513
-0.66241175408035
-0.903327246246977
0.591514758673855
-0.716197443695787
0.896384381301207
-0.563676161111321
0.847641996491979
-0.612490240455191
~
-0.647877070746163
-1.80413644697693
-0.67315031278979
-1.55521003518722
-0.662504782712678
-0.90526599401417
0.589522886126645
-0.724139807112976
0.900392714768578
-0.557958705894535
0.849013740687368
-0.610628529894589
~
-0.647687261596064
-1.80607506636841
-0.673041877102071
-1.55707799270025
-0.662537861585116
-0.90635942963995
0.598391399526393
-0.695919175070104
0.895811871329445
-0.594544714435592
0.850349692857164
-0.609684289440794
~
-0.64634848715865
-1.80716746142316
-0.671522622087002
-1.55818775800366
-0.661773624350175
-0.907243833427646
0.598582143208084
-0.701935936837552
0.899441261915539
-0.609625034114684
0.851519783239924
-0.60604092644974
~
-0.646791019683027
-1.80848482186818
-0.672070764850057
-1.55949887558835
-0.661556671473251
-0.908275110401449
0.595425218203006
-0.713573164308629
0.902542936071848
-0.581880482421173
0.851893948274381
-0.603845294918025
~
-0.646631008662449
-1.80950767063726
-0.671800034633095
-1.56051779597502
-0.661153858814094
-0.909093344124202
0.593439065972465
-0.720750089519501
0.913225190117271
-0.59542574004061
0.851232619079908
-0.596090566050401
~
-0.646889828459554
-1.8111575203262
-0.672180431563405
-1.56185538640186
-0.661265172285841
-0.909826666729822
0.593860756913761
-0.721864358941445
0.915260430921321
-0.59350039104395
0.853415448844265
-0.576293904226705
~
-0.646065637265102
-1.80989849311434
-0.671416944985295
-1.56033113435578
-0.660678978588611
-0.908401100852025
0.622329883258824
-0.719233992885267
0.92904694083205
-0.537578247588117
0.872851001925919
-0.500785073638176
~
-0.644255326216814
-1.78491604385791
-0.669526673006752
-1.53722292835254
-0.659237394809875
-0.891583272851397
0.677297281609971
-0.650808547965592
0.935420524140152
-0.394376859751103
0.903460061254894
-0.277615340138266
~
-0.64045139653288
-1.7540128446646
-0.66675745804688
-1.50878498683416
-0.656753202888843
-0.871673723130421
0.789913043964583
-0.68694270697619
0.908645404189675
-0.248734067924784
0.914180133608776
-0.0975075949464966
~
-0.638525160982682
-1.74354695453876
-0.665722496313749
-1.49875315331913
-0.655835014861015
-0.865086712735272
0.889259432692223
-0.560495632330879
0.941615745777252
-0.0315869243644282
0.933536968028515
0.0591907039821123
~
-0.635005641005337
-1.73683410841318
-0.663561948452919
-1.49226479252814
-0.654951079193621
-0.862078079677315
0.942366320602346
-0.445818093582713
0.966617700386613
0.118801303788237
0.950872109567101
0.220498888515883
~
-0.626490265308503
-1.71249247982885
-0.657332033112776
-1.47101042729728
-0.6505766839423
-0.84975333275036
0.982841365422795
-0.303005854911917
0.969942124629481
0.272693146966911
0.941037449609182
0.384422389813167
~
-0.61902129928465
-1.69801329894068
-0.651249064397275
-1.45804308599813
-0.646555392005161
-0.842986996171821
1.00905498911928
-0.174645917591781
0.967996564108809
0.412114649644555
0.94760817708001
0.526498426729367
~
-0.614291803696802
-1.69505297543033
-0.646319616873469
-1.45545424816071
-0.642959123890612
-0.844077999778628
1.03677556780454
-0.117470806894565
0.991651607844106
0.46688640827757
0.954213238034217
0.664622477717015
~
-0.607132429814004
-1.68081652263603
-0.638233201252823
-1.44283143060908
-0.636125487170107
-0.838669637195342
1.04641386080193
-0.00351832398469767
0.989746814824596
0.574368887229994
0.947254681343187
0.789722551917689
~
-0.604121871618058
-1.67821224549101
-0.633790851293164
-1.44053812064134
-0.632495201287664
-0.840687084764294
1.07436302035843
0.00602041343191429
0.996515756392356
0.63065477437519
0.945348824781918
0.903221588359432
~
-0.60302624145971
-1.68034902961752
-0.631015520010892
-1.44275380503561
-0.629568043790706
-0.847096236124566
1.10131491580628
0.0950295652635065
0.994905355812585
0.73291649855041
0.950129347227673
0.989663879422002
~
-0.600753344577086
-1.68603290495971
-0.628577345919454
-1.44857421307778
-0.626747317456175
-0.855663088155065
1.0179439369209
0.258056569699027
0.996557714279706
0.951481817013869
0.96558510747729
1.12331110879162
~
-0.599692194162814
-1.69214239094661
-0.627400841509923
-1.45440683761083
-0.625026514949271
-0.862464757767048
0.991178536327314
0.413019884699262
1.00411269152658
1.00833670959835
0.992007497816761
1.21133218935518
~
-0.59996522284271
-1.70154499948052
-0.627767649121869
-1.46279809790969
-0.62500703169524
-0.870134442474712
0.972539657304127
0.505392361700982
1.01251451932945
1.08271160622152
1.01239086495827
1.31922258711215
~
-0.600905558218842
-1.71449516241126
-0.628718927935337
-1.47474570108314
-0.625356949485895
-0.881292428647232
0.949702059062026
0.567338299214866
1.02191036808584
1.14278271431624
1.02093313149876
1.37750777572564
~
-0.603017899960901
-1.73415054099951
-0.63207530666122
-1.49250821409569
-0.628858091493536
-0.895786660437027
0.919579780978503
0.630817256141982
1.03434700553677
1.20266467234678
1.03737654763946
1.43730763112943
~
-0.604876842903616
-1.74995622826825
-0.635804939625876
-1.50678009684991
-0.631596269637924
-0.906601727934111
0.892394278139194
0.679054706227964
1.03691495813694
1.25449100976189
1.05454619278717
1.48502430074405
~
-0.619721864267341
-1.79124449496434
-0.649816007133181
-1.54365689630187
-0.64424461991466
-0.933721732406982
0.872128282949879
0.719419905665195
1.05001839896037
1.29586159007175
1.07657114337472
1.52160922978242
~
-0.62575743531241
-1.82349154546953
-0.65630129417015
-1.57301536642933
-0.65083978146996
-0.956389853589218
0.844971146057035
0.757287962730905
1.07991200975591
1.4446694131118
1.12286573110687
1.60410808464111
~
-0.628092920543387
-1.8459581121818
-0.659585473266303
-1.5927627313274
-0.654807608294787
-0.969647727197913
0.836276544995793
0.776874065352571
1.09467408174452
1.46414479412951
1.15411745826784
1.6306994411382
~
-0.62851048893245
-1.8559530833102
-0.66009974616397
-1.60194075681817
-0.656623980853149
-0.976589796897798
0.835041114660433
0.782811136619309
1.10036785691062
1.47261529549337
1.16514918117445
1.63989433584959
~
-0.629372616691616
-1.86077080202315
-0.660608141218118
-1.60602922389833
-0.658399483791146
-0.978701194016936
0.835359357871539
0.788412132723095
1.10442794462935
1.47846142434931
1.17287593106785
1.6461370334967
~
-0.629595169002075
-1.86495551763597
-0.659658682100331
-1.60965422217713
-0.658246427060401
-0.980966834111266
0.838523940127712
0.795525915233569
1.1156151375654
1.48439646803037
1.18280059998185
1.65262854502487
~
-0.630054905450686
-1.86774298999329
-0.659225498147643
-1.61217174719926
-0.658210571600129
-0.982545041091798
0.839185434826522
0.796391818718267
1.12051652144991
1.48576557822555
1.18984301519869
1.65306029692068
~
----
@Right hand swipe right
-0.622156877501328
-1.90904347365589
-0.664195367617519
-1.61949197690938
-0.691392150816844
-0.909624487770911
0.641878390016159
-0.821188066664784
0.67050323107189
-0.554811801813281
0.664762608050058
-0.607003540776971
~
-0.621837261260518
-1.90902120626128
-0.664053732440027
-1.61956856037442
-0.690642458234368
-0.908696040868323
0.641893305059721
-0.822512223361348
0.670467477018405
-0.522844544731992
0.667030323744031
-0.605312233659736
~
-0.623532851180345
-1.9078712341939
-0.664295037236876
-1.61829807677094
-0.690491611178259
-0.906488259831082
0.641534839030147
-0.821901982507604
0.672811358466943
-0.525124481395395
0.666631559823481
-0.603891384258584
~
-0.623420472073716
-1.90655037451228
-0.663791017791242
-1.61732500748466
-0.689099329368399
-0.906226147543804
0.642020713113996
-0.82092919759681
0.672857628280214
-0.528631809629827
0.666677639053807
-0.605306148074781
~
-0.623490010166688
-1.90860274564525
-0.664505048344092
-1.61928836955803
-0.689439265009332
-0.908899743970256
0.643719270678276
-0.823199553335225
0.674368535936558
-0.532505840015333
0.667930922193587
-0.608128450593135
~
-0.62374830177325
-1.90979541966652
-0.664533792255763
-1.62048032638632
-0.688595905719358
-0.909170326975105
0.645377192194533
-0.823528995179264
0.678324358108532
-0.532518173133953
0.670273925628043
-0.603214233469712
~
-0.625265114745435
-1.90793710490776
-0.666178104803611
-1.61875365513616
-0.689500068817423
-0.91010569297065
0.647458580707939
-0.817896829913112
0.682083096320653
-0.526015601505342
0.696656831301662
-0.6363205606107
~
-0.625356516246236
-1.90216433328684
-0.666122125035753
-1.61385475149825
-0.692679438930346
-0.906370089662428
0.657132801822245
-0.803151177050385
0.690248396305856
-0.438488431507468
0.703834109515939
-0.406218288081605
~
-0.624769597439818
-1.90885636966207
-0.665093963566288
-1.62013731899953
-0.691246541879054
-0.911358904767578
0.70114792549631
-0.741722125547881
0.702764409522472
-0.303832937255211
0.711817626987692
-0.336701236308666
~
-0.624492929347332
-1.96351115467763
-0.666052207893882
-1.66841162279112
-0.69237397765161
-0.946597463531936
0.828841850325825
-0.662006992677307
0.78508423802102
-0.17440373921602
0.759482652034501
-0.145588806690455
~
-0.630379305358407
-2.06304628412237
-0.675258978689759
-1.74936091403926
-0.703223154280858
-0.986863929475406
1.00765201010707
-0.549886964710794
0.856937261263505
-0.00660231355072312
0.867754478081489
0.0735202996792243
~
-0.625795216622953
-2.01825237327224
-0.669665131483984
-1.70949073707095
-0.696701151063219
-0.963416501330721
1.03848106796116
-0.485020003560054
0.936821331696286
0.140105244531531
0.862681662792637
0.256383909283208
~
-0.617165200361565
-1.9924114473376
-0.660942668225204
-1.68982633189723
-0.689695738758249
-0.960139599610521
1.0877875205698
-0.344723626821949
0.879883823561498
0.277687082919403
0.843435269424583
0.395176454269401
~
-0.610041800407512
-1.96997014382828
-0.653982454883139
-1.67291568263346
-0.685432676741444
-0.957770532505854
1.09408481090767
-0.320700692381605
0.900122284178738
0.329093051380004
0.818332323887961
0.528157261853145
~
-0.604611049102947
-1.94042316761633
-0.648355832767763
-1.64620830128185
-0.685946005869658
-0.925412430172659
1.12885652534549
-0.102030716317392
0.908027305058189
0.540709198024951
0.826064999134901
0.684941473988883
~
-0.58637265703814
-1.88935338390253
-0.6287957945475
-1.60147821366001
-0.669267544881582
-0.904784281211114
1.12382936134631
0.00802312394288985
0.905757071827412
0.63643174083829
0.830292019309626
0.8029332857354
~
-0.569943784534953
-1.85208698999813
-0.611949585826192
-1.57017063655074
-0.654421108548728
-0.888433541360794
1.1140897977147
0.121880131247546
0.911926843560518
0.744052004074768
0.833386457032044
0.932777287340321
~
-0.561988964148514
-1.84026626750767
-0.603347330968076
-1.56187355451045
-0.647005497027324
-0.881178460384013
1.10508870270184
0.20596812986215
0.925443738369554
0.823665253796548
0.842047026066159
1.04914728143434
~
-0.556752246573265
-1.83673848544352
-0.598514530635158
-1.55990025059148
-0.641655282397885
-0.875562792980384
1.08465458040202
0.321732520270504
0.953845548840558
0.947541561122536
0.857161523784798
1.16747664928415
~
-0.554402669148497
-1.84268328126563
-0.596302731180064
-1.56636802342945
-0.632849820700078
-0.89706380496669
1.06837724019247
0.391365313931691
0.963405848238953
1.02100004809876
0.886395560080926
1.28706604426038
~
-0.553959247107861
-1.86075608578512
-0.595576489085729
-1.58533894685708
-0.629714173473259
-0.923189303063855
1.03423390804092
0.506314860063411
0.952000599601556
1.14306033157584
0.873380281900207
1.40523562078366
~
-0.551955255397704
-1.87504745110682
-0.593138583850671
-1.60019619017219
-0.625781240756493
-0.939542567054492
1.00504650432469
0.579094633752454
0.956148363207594
1.2219035320994
0.882386351515395
1.47840183302315
~
-0.555430275314128
-1.88928909736038
-0.597437776964738
-1.6145477781059
-0.628850173012926
-0.953463032968642
0.966104019390814
0.664628393292854
0.948679147155517
1.30344670824246
0.885453914545252
1.56241677427014
~
-0.553196360935897
-1.89936817005871
-0.594797784714037
-1.6244799058336
-0.62648659085996
-0.963554468046883
0.934919398074933
0.720314142749467
0.948312891551989
1.36050609124203
0.901748230723723
1.62056484505289
~
-0.551570260136446
-1.91051235192435
-0.592554649677747
-1.63558306892822
-0.624242062095856
-0.974630233784644
0.902396387379837
0.768055051561354
0.935677404090075
1.6121864116366
0.892688483792882
1.75469042753486
~
-0.55120475157672
-1.91820678917126
-0.592210737129973
-1.64205634321796
-0.623181149840952
-0.977258295292579
0.872752617051031
0.806910010315747
0.937109225421063
1.63405413281187
0.921186711513204
1.81290849687516
~
-0.550022262499557
-1.93377535132674
-0.590589541957088
-1.65637696952463
-0.622983795362381
-0.988869490474104
0.845028354588084
0.83758189538514
0.935664070472242
1.66008904154045
0.943803718323307
1.84886725911892
~
-0.54749379281314
-1.94533631989783
-0.588299540290285
-1.668087536441
-0.621317562000205
-1.00092997194186
0.815312852159507
0.840646446374861
0.929907873060204
1.67282905001763
0.952050372878208
1.86249904397705
~
-0.548727999801666
-1.95711571009522
-0.589662837770231
-1.67872852707825
-0.624035266212057
-1.00850220096816
0.797710036236331
0.853813765060047
0.941522159367136
1.71031909445077
0.967169613520208
1.89956131177216
~
-0.551517035522757
-1.96788588576442
-0.593399230101629
-1.68867612239819
-0.62901195052106
-1.01506653170208
0.790600885446231
0.865317296501304
0.955477634391966
1.73360014856931
0.9904552382021
1.9236239841666
~
-0.550137018481336
-1.97558686054917
-0.59320876650457
-1.69647676137732
-0.629463667336967
-1.0220067746311
0.79264875597848
0.866258415972205
0.980294774130083
1.73298729875763
1.03062793802485
1.92202187729844
~
-0.550535727915357
-1.98122366312983
-0.593218814282268
-1.70222418821404
-0.630503739419035
-1.02749110184536
0.794831890525378
0.864512419303203
1.00363240723399
1.72789690156049
1.06526119140992
1.91466015587267
~
-0.549432334476064
-1.97813923684521
-0.590875725764589
-1.69942429168788
-0.627876624854776
-1.02611858456958
0.79883892460719
0.858650904924568
1.01963669031824
1.71962864705082
1.09268209078886
1.90364713199836
~
----
@Left hand swipe left
-0.573606367304414
-1.65615403681842
-0.595292126696487
-1.46132270397705
-0.588304549758978
-0.829967676082181
0.625888603788657
-0.630502820573396
0.846108834734076
-0.458856245845485
0.763064015205024
-0.46476116395504
~
-0.580472182771004
-1.65642156696769
-0.596738419147199
-1.46141529443352
-0.590190186974784
-0.830200429352458
0.621795708633341
-0.629477263961328
0.846247660678114
-0.463214952736312
0.760795464872433
-0.466384093118236
~
-0.584139491999656
-1.65904527267732
-0.598609680793386
-1.46408155225009
-0.593276497086708
-0.831807248434772
0.621359822477892
-0.630915661365976
0.848444947945782
-0.468402362273464
0.761091083013522
-0.468220251449386
~
-0.589155444511763
-1.66003042637052
-0.600831809090685
-1.46494859758986
-0.596293064795311
-0.832418732372943
0.622833368062597
-0.630893690208609
0.847860758305599
-0.470451919304485
0.760695037205014
-0.468144459108336
~
-0.588808407320758
-1.66158637308172
-0.603059773989468
-1.46609639955803
-0.597925180043841
-0.833332916619934
0.622113396986299
-0.631997159996046
0.846567550402802
-0.441105101879832
0.760329898238386
-0.469524150202723
~
-0.591042535414196
-1.66194894939444
-0.604930598021034
-1.46669810981948
-0.599099440595848
-0.833740150617781
0.621523830330561
-0.633936537977495
0.845074537119102
-0.459597988915972
0.759435911932496
-0.471068561686684
~
-0.591908791081317
-1.65683980025415
-0.606166742013907
-1.46185492158084
-0.598650154185256
-0.828922661722933
0.622436184222158
-0.633210517708162
0.843648350109942
-0.460971878055406
0.75871237134165
-0.468610488702634
~
-0.591720371523471
-1.65614215731387
-0.605697434847776
-1.46148748699601
-0.600129475534022
-0.829389357132404
0.627652053898377
-0.634482098653315
0.837379187901279
-0.426542410805335
0.756735646270053
-0.389614250471652
~
-0.590868427708795
-1.64814050837673
-0.605222969476495
-1.45462196090651
-0.599480047757886
-0.82587411368388
0.643965336693872
-0.648752743893148
0.806657510137998
-0.350021363487858
0.758256237144705
-0.331224658797979
~
-0.590853134005321
-1.62766160537691
-0.603650734911161
-1.4359559231522
-0.598364658942745
-0.813506460484038
0.672834430070865
-0.645411923420935
0.792881215751299
-0.274695343819834
0.765254554228548
-0.209706031696037
~
-0.591081064579517
-1.60585611137484
-0.600947820426876
-1.4159638398999
-0.597163925997337
-0.799858721894766
0.788780910434895
-0.519531022394412
0.784406417893354
-0.08219578666753
0.771756355183437
-0.0561267088354101
~
-0.592107328665728
-1.58704027634677
-0.599279131665462
-1.39874906804021
-0.596037084910557
-0.789131255865327
0.815441318315975
-0.49245342485351
0.805003936572545
-0.00847375966238784
0.783348838596087
0.0485926014019444
~
-0.593585974675448
-1.58029801107167
-0.597948542047272
-1.3922865429565
-0.594624785136573
-0.785365629190234
0.86382298661014
-0.434882103451534
0.807699401397095
0.0834745367400496
0.795007175721026
0.160089279975764
~
-0.593785479891129
-1.57053000301143
-0.596921775607109
-1.3833076737822
-0.593505926600568
-0.780404808029729
0.896586759449958
-0.394649592964678
0.829969504217285
0.14644954782376
0.796592468466766
0.28205938805417
~
-0.594156700529739
-1.56588436601366
-0.596885010695962
-1.37912872124065
-0.592242614787685
-0.778897086760577
0.958596587070224
-0.256740527620268
0.829253745564695
0.305030704373834
0.799915332484336
0.433620271483816
~
-0.574447486721487
-1.62187129439333
-0.595722292990051
-1.37375540162703
-0.589450412549195
-0.777347650526964
0.992475528449504
-0.320981063246543
0.870991208333929
0.410975170859654
0.809398257146067
0.559879294204136
~
-0.573647328065403
-1.61207958978963
-0.593775650254604
-1.36525998486862
-0.5857695338691
-0.773618781806045
1.00142675895124
-0.0346450979633416
0.873402699401154
0.533288880104154
0.806212963722255
0.667579117387482
~
-0.573199508799575
-1.60647371360216
-0.592868784111898
-1.36152066836414
-0.583562222992454
-0.774499915355132
1.0342649281385
-0.0659521041584555
0.890557220135521
0.52816403637999
0.809039359581609
0.79036007956807
~
-0.573135740193632
-1.60615523644285
-0.593014793121494
-1.36302224676949
-0.578334535333819
-0.780299127252161
1.03770717632549
0.0278735631265861
0.89517083132169
0.620752089179274
0.811462218712764
0.880371246939445
~
-0.570915361742021
-1.60429604158289
-0.589060699105406
-1.36280422226228
-0.573046125119905
-0.784298090305969
1.01187652501557
0.121496740814029
0.895098472769891
0.693275130405487
0.814496940622985
0.968442564986149
~
-0.571273668645375
-1.60253782320665
-0.588637140042997
-1.3620705916282
-0.570718541020024
-0.786294806107705
1.00082805405399
0.235295682292157
0.862650658110719
0.932947325957155
0.805101366498615
1.09047493148376
~
-0.571947883847462
-1.60694479161405
-0.589070457472254
-1.36700823910871
-0.569497379595499
-0.792706772236427
0.907348158866983
0.349626077027392
0.85459563955575
0.970944868225808
0.814088554177783
1.1469002137241
~
-0.5749417873287
-1.62000836282649
-0.592236111500091
-1.37929913010272
-0.571500824615231
-0.802820812254166
0.890076182723714
0.439678418940688
0.858241008199964
1.05022992187288
0.828344466447979
1.2632756324111
~
-0.580730557217769
-1.63429582446765
-0.597066738831383
-1.3923271034239
-0.576230050750897
-0.813156396024259
0.870604238816152
0.557992807312808
0.859275790437608
1.1182249373114
0.841627490665359
1.34093960663427
~
-0.581725636948817
-1.64630206269648
-0.59643814396161
-1.40292794833223
-0.577029258633864
-0.821063379959408
0.845395316836149
0.618757642622216
0.857470442316623
1.36554960646613
0.853042168571085
1.40226240065343
~
-0.583376187285503
-1.66512416049374
-0.597002862611875
-1.42009735692564
-0.578710185203881
-0.834742125242524
0.812337341810865
0.661338243471421
0.873581350118541
1.39557178830197
0.86702615049048
1.56142116871401
~
-0.582838624089369
-1.68586738174881
-0.595915885386674
-1.43919588597419
-0.578579927240884
-0.850127174178883
0.777032645245951
0.687760764981718
0.879526706906059
1.40855628581783
0.878285833143499
1.57301947594834
~
-0.576757679235085
-1.69733181738903
-0.592659466364447
-1.45009086018377
-0.578078138752143
-0.858809092860956
0.753879756545741
0.698653659562003
0.856045331587237
1.27080380922508
0.893543692202368
1.49751183107052
~
-0.574103856522647
-1.70371531932776
-0.588254593756797
-1.45598959183382
-0.576646937792642
-0.863717993844364
0.741397088686157
0.69796196723979
0.87366490753622
1.4202206868808
0.910228746212717
1.5717593917714
~
-0.570533130914562
-1.71054539960581
-0.585862681637544
-1.46299281279985
-0.576062905055065
-0.869997049477634
0.733388099536459
0.701339821858737
0.851092300085243
1.27789556030725
0.896833231097491
1.50194741704364
~
-0.572501269946792
-1.71262057723256
-0.584338550875883
-1.46461738671515
-0.575209605784174
-0.871961685151868
0.731682346548498
0.700292143048148
0.894266249352742
1.42094273844755
0.920463142363997
1.57970009099671
~
-0.572331166435838
-1.71742118068212
-0.584691224472382
-1.46889397928729
-0.576096084531248
-0.875347088469512
0.732727185928364
0.701037935914022
0.8971547125906
1.42160412147219
0.927301844591566
1.57976402616462
~
-0.574446085102687
-1.71735101359798
-0.58418714173401
-1.46866033278665
-0.575951772709843
-0.87486029014629
0.736725014637235
0.702591995681752
0.904824383360626
1.42031114773978
0.943394686355951
1.57838838073482
~
----
@Left hand swipe right
-0.705221176635408
-1.77057653004452
-0.711193402536164
-1.53105843052253
-0.690627981698107
-0.862753557235277
0.512543251595059
-0.789298668199388
0.732176324430253
-0.717000907979575
0.664930907692418
-0.687021025246729
~
-0.705793773442588
-1.76983713616179
-0.711481777472585
-1.53106807102391
-0.691029646131142
-0.862807274004357
0.508185223601817
-0.794967151186405
0.733412748782323
-0.705368864345087
0.661100374279658
-0.68827059372222
~
-0.70620099793355
-1.76911684076634
-0.710981730435963
-1.52936501473684
-0.690298078569798
-0.86146012082638
0.505135892730684
-0.799875160957494
0.728060570496637
-0.693335788675163
0.658791110931005
-0.690276693508597
~
-0.706484014214924
-1.76865535484085
-0.71119693141385
-1.53120765270842
-0.689895014151784
-0.863874851251973
0.502285579195926
-0.801615333589763
0.735027302590205
-0.710772008062947
0.655282397420942
-0.691603267179449
~
-0.707951147418288
-1.77015124463932
-0.713483957718279
-1.53268728366223
-0.690648934201256
-0.864855568117133
0.497371451198133
-0.806727884088464
0.742116844122268
-0.713847191057584
0.649834876459024
-0.69543223901794
~
-0.708289344368418
-1.76951704627069
-0.716459042364664
-1.53306930731003
-0.690537947323326
-0.864974633194632
0.452928122137867
-0.747436581993517
0.722452744362396
-0.761689029653797
0.651541804776385
-0.710834848006651
~
-0.709029702251953
-1.7701833630239
-0.717010890061901
-1.53318376873498
-0.691122088859341
-0.86456744736292
0.547424694992217
-0.660326561400348
0.650076354662684
-0.787004330716622
0.651639917791698
-0.718435716018585
~
-0.707851200299122
-1.76787390970855
-0.716120682204849
-1.53113223276617
-0.689967692094352
-0.862858092581459
0.548454313492784
-0.659863497181542
0.646872076314807
-0.775626605550662
0.648897279180337
-0.715580258353335
~
-0.70797022185224
-1.76962238110107
-0.716436744643908
-1.53237340890776
-0.690387512427728
-0.863942772215656
0.550515246961315
-0.65996976253468
0.653475798508965
-0.77454171989679
0.652306046714606
-0.704159784511581
~
-0.707008344768459
-1.76912455144783
-0.715078689277065
-1.53171905050293
-0.689475503367573
-0.863498806264497
0.552185958355447
-0.765855254809146
0.707546046911091
-0.495506297792897
0.669569103757934
-0.62294236860788
~
-0.704535963788541
-1.76688878912504
-0.712646924887065
-1.53015987703898
-0.687163721387278
-0.862873806491283
0.645602258859772
-0.74335324796152
0.689136414922346
-0.426061988429315
0.698460723104555
-0.457723442796127
~
-0.702204802214413
-1.76905351715307
-0.709590158933535
-1.53239261644251
-0.68472372391813
-0.864646228562137
0.678733677933233
-0.725552602697036
0.73781979251713
-0.300926207229997
0.705268736843011
-0.346928451867452
~
-0.698414419460825
-1.77186433975374
-0.706878188983027
-1.53497652959717
-0.680634906346871
-0.866500684392939
0.784013524352831
-0.600079367374189
0.711870280778418
-0.161186715385947
0.721582557877197
-0.182543814033232
~
-0.691192711315132
-1.81985377672983
-0.702610031654264
-1.53815740460564
-0.678734815922894
-0.867242835148797
0.822182909115584
-0.569406423099264
0.765379512730484
-0.082938299015803
0.737665215070526
-0.00126708937449338
~
-0.690851038272445
-1.80835514295361
-0.701444977486625
-1.52815079930046
-0.678125531465683
-0.860496771425679
0.887908670494945
-0.457072258026121
0.770129502868488
0.0575172871857959
0.724775165005559
0.162043333670666
~
-0.687402950361452
-1.78986579354613
-0.696244738122415
-1.5126749658078
-0.673606602035275
-0.852893929530823
0.944368030087513
-0.376276741271905
0.778023001439975
0.167576111825266
0.710344707347005
0.318486662367365
~
-0.677296878234328
-1.7656631789834
-0.683339103384026
-1.49232864377129
-0.661373053167684
-0.84249064071531
0.966949429347825
-0.23836713362582
0.787061728015205
0.324021081003784
0.709376750336033
0.472286592496039
~
-0.660577701023997
-1.73524282942189
-0.665222189580805
-1.46656930058208
-0.644599626567048
-0.827631004544611
0.996955382712307
-0.207289661472102
0.806109593508556
0.331875607148053
0.69570212467082
0.604204511263617
~
-0.648521350158611
-1.72479354403759
-0.652470899993354
-1.4580087907065
-0.63336703942725
-0.823086739626995
1.02576236692042
-0.0678267997894894
0.80644775387537
0.499867812062201
0.694328724355985
0.731406623745489
~
-0.643412296578556
-1.73819366598482
-0.646835084566803
-1.47051836521943
-0.627710044092565
-0.832978825281167
1.03356673854304
-0.0232848369660324
0.81454218598489
0.573874561605863
0.707860408639828
0.84256821326415
~
-0.638910334984591
-1.70251416664228
-0.644133159905824
-1.47748966729393
-0.627176364119057
-0.837329115189405
1.00326066248138
0.0873833851612504
0.813273642535849
0.663932099471659
0.722438034104646
0.966917950629201
~
-0.636009312759834
-1.71226812513789
-0.642367343643396
-1.49009858698682
-0.624651018636064
-0.847539697786026
0.985121142816929
0.162336669833854
0.815127913882134
0.808580342467895
0.733880289271978
1.04805827382527
~
-0.636225066667448
-1.72492867762704
-0.642082163859059
-1.49977483056953
-0.624869578662573
-0.852618066612198
0.930335455910199
0.290831723497415
0.795168218408552
0.984548024919642
0.740498556787608
1.14402154147188
~
-0.635048537926596
-1.74477154031789
-0.641360595714684
-1.51154859655199
-0.625206338227133
-0.858465723526427
0.928057491467767
0.328047597837906
0.805336432761565
1.02431200993582
0.75178589453494
1.22210790445569
~
-0.633655981038005
-1.75821547521541
-0.638503505227993
-1.52062458859974
-0.625671282905127
-0.865879202447023
0.908791030701013
0.379055479949213
0.79823254895812
1.07259233941095
0.752973485943885
1.27582925889389
~
-0.632546162713079
-1.76461595282517
-0.638688319042062
-1.52983706193323
-0.626581830649801
-0.873259618268141
0.804149874316215
0.616539923667209
0.785983202017087
1.19241099996053
0.753216123533288
1.34569551699787
~
-0.631511886739449
-1.774735762863
-0.638363428053569
-1.54046810069183
-0.62637222634823
-0.881901193575198
0.840919878937594
0.54355958961226
0.777722256357872
1.18415940855112
0.75931745755061
1.38702337106529
~
-0.634988416581881
-1.79353416928743
-0.64282165619721
-1.5607216690103
-0.631372488180771
-0.896481444295347
0.827127811076635
0.574135498544762
0.776249204566848
1.25108564705143
0.768484625099577
1.43403924412228
~
-0.632315393449866
-1.80359972371876
-0.640125198380757
-1.57207131482399
-0.628181998868817
-0.907963714579964
0.815910780736221
0.604686449833501
0.774345728645541
1.28489330026361
0.771459019736058
1.44854339481597
~
-0.62949708438861
-1.78165389670797
-0.640244071330445
-1.58034641336587
-0.627949429314627
-0.915952809035952
0.798278657306135
0.625713959278726
0.77522020805923
1.29086735068009
0.773509650604027
1.45567603134831
~
-0.635135639616525
-1.8127187420051
-0.640733951085601
-1.58413152540441
-0.629962953907115
-0.919856159041672
0.745184086588153
0.703615503707568
0.77175616930996
1.28750510194194
0.76928536892055
1.45526532087028
~
-0.634528723081278
-1.81200760405288
-0.636935662815561
-1.5742373309592
-0.633254837173834
-0.910320141839509
0.750150791139317
0.691896664059106
0.76533077488944
1.28985086305729
0.765506673875885
1.45543270012577
~
-0.640756640179678
-1.85579922441245
-0.63891112747698
-1.57649381709342
-0.634358611848202
-0.912126607563719
0.764402544452594
0.662641523397563
0.763205361021129
1.28870568615307
0.764698122934032
1.45476474974245
~
----
@Two hands zoom in
-0.677457449083114
-1.85380453070741
-0.694368708762902
-1.56639039923135
-0.681912978260756
-0.881149376006231
0.579529725402104
-0.765862268360473
0.823588872477294
-0.411773440921217
0.904941912938186
-0.293743823714401
~
-0.678063848324162
-1.85361400258634
-0.694371645293985
-1.56610918183371
-0.68191516437181
-0.88069629177673
0.579419225266976
-0.766265820839493
0.820970611897679
-0.411714854487394
0.901487729185353
-0.29353120306773
~
-0.677821089811676
-1.85429161067209
-0.694786379113023
-1.56679380279624
-0.682389188744726
-0.881223833981731
0.577882764372167
-0.762607699230853
0.827703695666782
-0.409544250310845
0.910977348503406
-0.291856434004175
~
-0.678503598247971
-1.83294201314707
-0.695649242131576
-1.56638932497425
-0.683361740337368
-0.880832961088795
0.576715608892704
-0.763346498052573
0.828250825445869
-0.410622749222195
0.912095917285479
-0.293048158215055
~
-0.680928507297497
-1.82549055752249
-0.695726862408305
-1.56637646034439
-0.683465752493711
-0.880714711319173
0.58003057202217
-0.76293264231011
0.83276116480051
-0.405945731806027
0.917004692198505
-0.286950090939197
~
-0.679984410370705
-1.82149370624355
-0.694509990836597
-1.56637404253307
-0.683223384434208
-0.880397067932125
0.581032981670272
-0.762005214066259
0.830341761317108
-0.40441099715538
0.913444687361894
-0.285212932918294
~
-0.681727858613025
-1.81947856534228
-0.694423695747921
-1.56662920607653
-0.68417582666053
-0.880078746752239
0.584239085986257
-0.762393063108018
0.832126911770314
-0.399359808543552
0.914756199141208
-0.278348711579189
~
-0.682894549073941
-1.82014385204521
-0.69503581231251
-1.56838692830194
-0.685203101175685
-0.88087243771416
0.599976798212855
-0.74879762954935
0.97427172302003
-0.419261686985426
1.0280136305834
-0.347290290814991
~
-0.674929224400182
-1.84004763167927
-0.695758260351832
-1.57013159392445
-0.685311058751473
-0.881464411359992
0.640048306013173
-0.660693229474388
0.935596002809162
-0.413582032905037
0.820086585964554
-0.415418726337255
~
-0.669239673229341
-1.86132641460412
-0.696074825969935
-1.57385519121919
-0.685188908179313
-0.883583988659688
0.691328513552877
-0.649166019121278
0.942564351665854
-0.14035607278227
0.829652369280454
-0.341538244018392
~
-0.672565447006125
-1.83558302305601
-0.696467168069506
-1.57048534090706
-0.685909343061559
-0.878845299257917
0.741658912297353
-0.634986778392077
0.934440991196703
-0.0767431946039017
0.904143565241743
-0.0864459697281788
~
-0.677529173891781
-1.82084222233862
-0.695740833235609
-1.56846046599878
-0.686449130354259
-0.873607387779189
0.803428689199047
-0.597661577336088
0.953898631369498
-0.00508359312624412
0.944356577144582
0.0433746488241384
~
-0.662657846107147
-1.84224589723923
-0.692769941994324
-1.57572926771522
-0.684907479199665
-0.878770627180519
0.84367969314566
-0.552163228363942
0.967926253367577
0.0768843005950544
0.97914631914973
0.139482539733645
~
-0.657841102275281
-1.88339980433808
-0.685072294608848
-1.59159513881243
-0.68289384654972
-0.890501159353226
0.905168191452413
-0.468290436071037
0.981806174608826
0.184108120273052
1.01890526140268
0.394921825837434
~
-0.65004069042031
-1.8974873676534
-0.673788617083623
-1.60374746889166
-0.680774991883381
-0.899534713179382
0.949436629393164
-0.382190314716175
1.01153105790022
0.287032223335421
0.994610231555854
0.416914083933696
~
-0.643363104725775
-1.9317020336945
-0.659353864734638
-1.6351398965213
-0.677284159872215
-0.926229177609346
0.96136642198601
-0.276727763082206
1.02571581206949
0.399309991213352
1.00726023656437
0.474503232076411
~
-0.635767436529194
-1.92420008607557
-0.651579342070594
-1.6485652951663
-0.677308899083081
-0.935064291798302
0.956365819594062
-0.195133416787282
1.04169698965388
0.498678026489523
1.02835082494871
0.794327163636423
~
-0.625607585816564
-1.92707571403784
-0.644895794112712
-1.65901540974059
-0.672978636835918
-0.944018547801946
0.956763859549882
-0.0943140320253613
1.07739480233353
0.610829001286265
1.07575858893584
0.903532082885603
~
-0.617172763122727
-1.93173254807105
-0.636488046079373
-1.66337223694118
-0.663330767981302
-0.949562505386056
0.969277942227084
0.00352460664940198
1.08682294797896
0.712637022611359
1.06640157513885
1.00929314229841
~
-0.612037431464132
-1.93897754915723
-0.629580921556117
-1.6711409573705
-0.659161908750726
-0.958362744733645
0.976577518694263
0.0981360724133462
1.09622559716773
0.806571731272249
1.09666951402952
1.104083568634
~
-0.605472388596486
-1.9693150732332
-0.623651938140459
-1.67219588654754
-0.65519743825274
-0.96085093153738
0.967805206986181
0.205763536309478
1.10403703089317
0.90207824960994
1.11170276429391
1.19969944476804
~
-0.605958409885403
-1.98985940741937
-0.624274981934079
-1.69092932902437
-0.65607110198634
-0.975210773044264
0.969155568658914
0.267331035702208
1.08701852120645
0.958997801812385
1.1032164990625
1.25611559363908
~
-0.598841921622354
-2.00429775103914
-0.615659186681877
-1.70860471125003
-0.644947554575344
-0.999968855072562
0.954630814459761
0.315050897081052
1.07710046271954
1.02545635810015
1.10410282986817
1.30398521586325
~
-0.593446089894554
-2.00219170060706
-0.609388715148105
-1.70983881467463
-0.636316183655593
-1.0087368235891
0.95039260258344
0.400593736664193
1.07179906476406
1.08762837286834
1.09773439670355
1.34456081807056
~
-0.584514926664966
-1.97679608836389
-0.600220407453261
-1.69372868760977
-0.628696915666998
-1.01459467655063
0.894942848861274
0.543170711684213
1.04402761819158
1.15758674912151
1.09806931717545
1.41943603647616
~
-0.583674097439822
-1.98400629357182
-0.597682788577389
-1.70054847945723
-0.628703769187049
-1.02114745027815
0.858099303174062
0.545936925849337
1.07153103129133
1.30463480954532
1.11299955908267
1.49556092273579
~
-0.578605281007849
-1.94734879769598
-0.592684316164372
-1.69006783109758
-0.624087687304805
-1.01233661153663
0.820115810898842
0.552230949799612
1.06199001125382
1.3243194810341
1.09998935651438
1.51597284120245
~
-0.570904335576916
-1.95497556358345
-0.588201770931628
-1.69402056033081
-0.620883437584799
-1.01810085089289
0.800097036933437
0.697883477360451
1.0472950136359
1.33713597069722
1.08957100184447
1.54073998260228
~
-0.567624421853763
-1.96255776722709
-0.586471208787051
-1.70025724754087
-0.62111165116163
-1.02421676992453
0.795303586572219
0.777159168787574
1.04876860492168
1.38506040198184
1.10159220896008
1.5635366184795
~
-0.550459906402659
-1.9818569368927
-0.581279011312122
-1.70222697237665
-0.619760890020215
-1.02871609047452
0.793016715400491
0.795234416470828
1.06297008100966
1.40765987642379
1.10923903991684
1.59165640554851
~
-0.550216195903463
-1.99029411551898
-0.580960463644724
-1.70958489108753
-0.619324254956412
-1.03334171604253
0.794543132015599
0.795673669635926
1.07345115609303
1.42292461242995
1.12157775544838
1.60474973262658
~
-0.549424495232463
-1.99225518612278
-0.581059734798992
-1.71138477002323
-0.620864549208844
-1.03444052216309
0.817426689142747
0.81931731812646
1.09724348190313
1.42706159807587
1.14712989426043
1.59999986955234
~
-0.551280946100379
-1.99219974933496
-0.582386547744219
-1.71068993926842
-0.621547359854284
-1.03227920798548
0.833325207521048
0.827587669567376
1.10834469724215
1.4233341333993
1.14967518964919
1.59497551216676
~
----