@Right hand swipe left
-0.763946325819385
-1.29958645905434
-0.826849674420329
-1.14667421751016
-1.06152477757138
-0.584917802239283
0.715943839205654
0.111228596542235
0.784964720184061
0.40966302590607
0.784498107493989
0.434043002878298
~
-0.766940323074725
-1.32017347646902
-0.830986281377747
-1.16651650087265
-1.06730284367298
-0.599733229472011
0.732671609777028
0.103901156850258
0.800912510912367
0.404325880488778
0.798531428522538
0.438594782556689
~
-0.763240430505222
-1.31693216572286
-0.829057697903255
-1.16284066988132
-1.07076058230368
-0.597475385689534
0.740059225085495
0.11293365339032
0.807156011307084
0.415205618618806
0.805180374990594
0.458901752371204
~
-0.762980502142695
-1.3129165400822
-0.828774060861585
-1.1600613558121
-1.06928075366259
-0.595589056259034
0.720847433487607
0.135205331037686
0.801975528711653
0.431230841501793
0.803307112744219
0.463342680813264
~
-0.76323752415459
-1.30738961374268
-0.827412726730473
-1.15416769655623
-1.06795724424653
-0.588112656812875
0.728748853458471
0.137613971422213
0.800235236628763
0.442169257845218
0.804197114961852
0.479897171380027
~
-0.76598211085924
-1.30801480434963
-0.828288901765026
-1.15498575606496
-1.07022621834101
-0.589043440734054
0.733502251576189
0.135220336984434
0.79961750953793
0.444044761682305
0.804097226822941
0.487348756454615
~
-0.765637225467818
-1.30616938680217
-0.827686660777776
-1.15337847304043
-1.07131635249843
-0.588391341673685
0.727298054676721
0.131488042891132
0.796298303889069
0.444440229527632
0.803767847752622
0.49324301510628
~
-0.764800216915303
-1.30440831273206
-0.827379335942287
-1.15173559230592
-1.0756330383594
-0.590292226843608
0.725089713521558
0.146430408275686
0.797091297821104
0.457382403230308
0.803430610447132
0.498321754043087
~
-0.764121587072334
-1.30350311202401
-0.826419033310236
-1.15074479510132
-1.07475376431795
-0.589697224137148
0.729322423960003
0.145336462841023
0.797180184210383
0.456860172977754
0.801630248885269
0.5003587755421
~
-0.764316197177305
-1.30667644756723
-0.827151796411155
-1.15393514913869
-1.07454788838223
-0.59276460555066
0.73419574007384
0.138236713784415
0.795982364675597
0.449044698700612
0.79992998053049
0.496855014448032
~
-0.764296654368491
-1.30674303565069
-0.828286126782473
-1.1542605910098
-1.07483940032582
-0.592921294038143
0.737342916104117
0.135903231914849
0.795540342062223
0.444960059233259
0.799786611157184
0.496703043325066
~
-0.766911610512627
-1.30790842903574
-0.83128612972611
-1.15502712674233
-1.07563983485727
-0.591988038177569
0.736546178945509
0.139098338517687
0.796252727432154
0.444141529100995
0.801262530949065
0.497988124479163
~
-0.806123898199061
-1.2197015991535
-0.833157921939566
-1.15620403587755
-1.07644977647134
-0.591080832883485
0.741125449209369
0.139492626797427
0.800087004674527
0.445705567656994
0.805872943318811
0.501490164995739
~
-0.805948197913457
-1.22071195670127
-0.834544437576395
-1.15644571019679
-1.07597652806305
-0.590630641297881
0.739607525582201
0.13765255357371
0.800066484310956
0.444087444208687
0.806468374069226
0.502012647838919
~
-0.805416974140839
-1.2205062073797
-0.834087376993346
-1.15610777312706
-1.07499952324688
-0.591236509808912
0.73634700405147
0.136079201569964
0.797282976540705
0.441505186919363
0.803153063934213
0.50008128068632
~
-0.805534515698597
-1.21951113227715
-0.834452058974343
-1.1551646733724
-1.07426518531056
-0.591344849649772
0.733614762225318
0.132116861231567
0.794013253244628
0.437818218546029
0.800064851514157
0.498369691049289
~
-0.806159876488835
-1.22016303884813
-0.834837475454094
-1.15651499818325
-1.07424492087392
-0.591432224799229
0.732481024395901
0.138160585163877
0.796262494903537
0.441014501403058
0.80220476761591
0.500976054439466
~
-0.806712191381612
-1.23290236343221
-0.836132821131845
-1.16897264687843
-1.07440441459816
-0.602166700242423
0.736247677584183
0.128626843679134
0.799436225141186
0.432378193103088
0.804991975431439
0.493078369766903
~
-0.802270681681839
-1.23106450564122
-0.835941849478089
-1.1617132398964
-1.0737777399182
-0.595422454844731
0.734889463015547
0.130744577027956
0.798385555585054
0.436306699834694
0.80424639025231
0.499702975539148
~
-0.805081560398474
-1.24545771177379
-0.838914100909752
-1.179639289461
-1.0755816939457
-0.608993666931595
0.741286281620526
0.113016382598093
0.803806225355468
0.423473047511208
0.810024352086938
0.492276507842365
~
-0.806929464862756
-1.24019809270468
-0.839423903621021
-1.17628223357522
-1.07467871762073
-0.60498726880059
0.741414608368822
0.117673476695426
0.803452153491825
0.427723751080196
0.809213139007313
0.49695396564909
~
-0.804893840113391
-1.23511925063783
-0.838812446198675
-1.17026526314571
-1.07322128969983
-0.601143234068493
0.736253490558354
0.118799794277052
0.799571063790845
0.428427059119907
0.8052170071018
0.498228093219727
~
-0.805306055718525
-1.23518899031003
-0.840819531055489
-1.17020304416262
-1.07349179147602
-0.599589552473308
0.737480648466516
0.119062656242284
0.800315732222156
0.429858755073026
0.805906111211115
0.500928530832645
~
-0.809086235653889
-1.25189345705096
-0.842441962062385
-1.18926655952794
-1.07626539730823
-0.61633769836033
0.742968903121233
0.111043188576188
0.806259035681997
0.421160140720053
0.811290376454335
0.489185680274855
~
-0.809239367399215
-1.24323271717529
-0.839930251265046
-1.18374277645384
-1.07820926930157
-0.613077397762496
0.74619164033776
0.119488981295292
0.808441082707744
0.430359733664382
0.813506348625879
0.499275856219211
~
-0.80635152079561
-1.23633462943614
-0.838191518564309
-1.17602361423006
-1.07562735684188
-0.606113927697662
0.724157308662949
0.162080897102568
0.809278500990525
0.462118850132755
0.812268140616985
0.504382949807153
~
-0.804822404800304
-1.23627394277567
-0.836332763629748
-1.17675122928294
-1.07558159816046
-0.609094061263682
0.742371647334305
0.130979315803151
0.806423591612519
0.441693895856912
0.827774230832659
0.5452654136689
~
-0.803828103423604
-1.23294502480281
-0.835515425937485
-1.1726809627354
-1.07540347749534
-0.606649617093298
0.740164091098719
0.131195655707919
0.804212536250817
0.440409136772304
0.825562009106123
0.543480297127099
~
-0.803760957454946
-1.23090695928474
-0.835650957241305
-1.17164573012578
-1.07398412914457
-0.605789109167669
0.737043559308222
0.13442183029112
0.802877359575539
0.43906624282071
0.824821959664645
0.540614384755743
~
-0.805267022149158
-1.24633576404483
-0.835889901741166
-1.18845715433234
-1.07787783968805
-0.621051236233256
0.74601474808147
0.127182876652812
0.812308454177998
0.432192707209189
0.834406347308589
0.533862659629567
~
-0.803957298033478
-1.23748070925104
-0.835624136773032
-1.17840025518114
-1.07658022590667
-0.612470136475289
0.742993191893733
0.131407516307702
0.808726618001285
0.436056627354281
0.830637760037136
0.537606331036474
~
-0.801589657196244
-1.23528126229822
-0.833347113656619
-1.17516652103594
-1.0740810120088
-0.609652017903736
0.742457983369527
0.133614792324576
0.809202059221452
0.437478787411829
0.831450084505427
0.538766785774247
~
-0.802520202704683
-1.23387322059095
-0.834348219956937
-1.17381915983579
-1.07516090992554
-0.609278720191621
0.743583609183535
0.133205851335772
0.809146136156934
0.436967252266196
0.831000311814733
0.538221048144819
~
----
@Right hand swipe right
-0.745871673338587
-1.26502882421434
-0.838251796129798
-1.08598775052524
-0.979107697564676
-0.554333658217839
0.670339131947381
0.655510185005942
0.673370796790183
1.17502540899253
0.684229840337656
1.34934940599128
~
-0.751776907453476
-1.26598084095992
-0.845943683365386
-1.08433840150791
-0.976903126523005
-0.55020611491071
0.669426989771372
0.656673437269871
0.67298559252707
1.17710076021904
0.683517737206871
1.34938902918479
~
-0.744640264801378
-1.25395397368759
-0.836674673920824
-1.07541690742694
-0.969355961023353
-0.547505595417634
0.666744213190361
0.65741426834955
0.669950791014205
1.1746125306632
0.680293267866787
1.34541090321768
~
-0.737868000894986
-1.25575855282811
-0.830395874527916
-1.07948811843244
-0.965105112364016
-0.553184247453454
0.662432863299113
0.645884482139589
0.664996618306887
1.16069302152512
0.67599370427359
1.32993691381401
~
-0.728240154473729
-1.24835739061466
-0.821384421936886
-1.07318331565345
-0.959769160606379
-0.553201992336702
0.660360122559539
0.647279645839109
0.664023114747041
1.15905834706489
0.674638991730393
1.32575636976038
~
-0.738810139747349
-1.25146451273615
-0.829647202051188
-1.07333046404804
-0.958680207317119
-0.55402119798062
0.660643549682472
0.647827978070363
0.66495373398529
1.15884624191823
0.674804748890383
1.32538091898612
~
-0.736757638990579
-1.24969297416747
-0.827030417036477
-1.07260868345062
-0.958222590729092
-0.554388216402005
0.662122011387654
0.651032682825753
0.667842206856448
1.16230055130942
0.677452635195142
1.32826017493819
~
-0.724829676965415
-1.24765675166737
-0.818455453719189
-1.0729874658193
-0.950505877759953
-0.557184221501563
0.662997293328711
0.643906579681131
0.67021309776347
1.15304544351274
0.679169607886198
1.31905452356428
~
-0.737912539194446
-1.26380969395385
-0.83058869264165
-1.08630387890498
-0.964858352262691
-0.565403491821393
0.666981435192427
0.650314245211759
0.675019430060811
1.1652727164189
0.68394646464491
1.33365272339867
~
-0.749465617056042
-1.25508561433946
-0.84166798660928
-1.0776198611488
-0.957253580192827
-0.54913144440801
0.667921194177916
0.653949170826605
0.676619951630253
1.16781873170908
0.685820253933082
1.33571110761543
~
-0.750633218411682
-1.24968737265173
-0.844766236417364
-1.0712165883062
-0.952727845010096
-0.539169465784893
0.668437914114977
0.654946618094637
0.677795087592814
1.16914166276303
0.686930966778441
1.33644366103518
~
-0.742560807871675
-1.24716328088433
-0.834634586341398
-1.0701865536071
-0.951686011773762
-0.544071851904025
0.667258104367095
0.654055193692449
0.677893997352138
1.16664585017136
0.686725327611827
1.33373671619897
~
-0.740429370999803
-1.24448224752365
-0.836026471045251
-1.0689057314032
-0.952257058093518
-0.541279495227908
0.668168995440441
0.655294687129904
0.678355183243331
1.1688707844068
0.688474316123024
1.33652865906709
~
-0.738649670546291
-1.24555053578389
-0.835696745885691
-1.07043566113485
-0.9537706606914
-0.542744221042101
0.668438653006087
0.655689108400983
0.678740737954659
1.16937370647544
0.689011589527352
1.33678630740567
~
-0.742181830509663
-1.24598902307327
-0.841165768021717
-1.07093706987657
-0.953343977890843
-0.537322713586741
0.67045495044451
0.658463805396661
0.681734691431574
1.17467846551837
0.692366385922585
1.34396949766774
~
-0.741776836522799
-1.24571279038294
-0.841246668974727
-1.07097475653722
-0.953502743268985
-0.536943784158645
0.670645698035207
0.65910710497562
0.682294420828159
1.17544242370039
0.693382504809811
1.34445604522324
~
-0.753919864128165
-1.24170063319003
-0.845405140968556
-1.06133532880452
-0.94637609260923
-0.526584245421592
0.669004560010852
0.656771132415305
0.681433637660303
1.17137404625561
0.692516367592743
1.33960921345618
~
-0.753945256479127
-1.25506006422598
-0.839936050012364
-1.07546859496085
-0.954325849941794
-0.542856189947006
0.669127071162881
0.657066836443498
0.681787072662433
1.17257798544398
0.69335578904473
1.34070430099901
~
-0.757943776834881
-1.26230505401808
-0.83980719583869
-1.07867283900481
-0.957450043559577
-0.549097730296839
0.669100708634646
0.655600716741935
0.682352975030859
1.17118612091912
0.693855209848673
1.34072569817195
~
-0.746860442734095
-1.25035539024179
-0.837699639282682
-1.07044962800922
-0.952821880541727
-0.53733874529387
0.668367410829093
0.657628567090458
0.681716710418884
1.17294394385453
0.693681540583261
1.34144273608156
~
-0.744931661708077
-1.24814211416938
-0.838530289037214
-1.06983182304296
-0.950244258774998
-0.536973095717952
0.667606548347083
0.657276786746558
0.682194549664953
1.1714407915325
0.693250650087774
1.33916416709659
~
-0.748740658772439
-1.25082537622684
-0.843515963304151
-1.07367326030917
-0.948017371619272
-0.534035742229796
0.66891054611793
0.65616234651409
0.684165419530621
1.1702803832366
0.694265787275162
1.33883585014268
~
-0.7380302324622
-1.2586780189212
-0.834934715288292
-1.08141943813789
-0.960992678346258
-0.552349887764032
0.670059289137638
0.655723534200315
0.685682095808111
1.16953015705707
0.695938568169456
1.3402881507173
~
-0.748542943665387
-1.2548098790835
-0.8440542564394
-1.07663879564386
-0.955630976627589
-0.539039194632124
0.671276209512166
0.655878354001391
0.687153929563071
1.1698237075391
0.697670348372565
1.34181386901089
~
-0.742515344040489
-1.25386870031594
-0.841109222793439
-1.07723394185862
-0.956223217748613
-0.540942602508682
0.67359458442528
0.65758955595643
0.689715784161216
1.17078193388257
0.700765004970024
1.34288540306923
~
-0.745628095302265
-1.25613647041512
-0.842168014187812
-1.0775142108706
-0.952800725911336
-0.541105214624899
0.673807227722306
0.65617809619699
0.690384882535875
1.16748687188594
0.701704438338192
1.33904713814666
~
-0.75166789312133
-1.25046234356793
-0.849455643484659
-1.07183953524916
-0.947871496925928
-0.533596690323961
0.673240563631327
0.656396575881135
0.689353501257433
1.16566528753054
0.701607173721692
1.33792036781172
~
-0.748934797990082
-1.24817558626325
-0.845625741232703
-1.06912149073265
-0.946577965081628
-0.531888968473776
0.673528493275928
0.65612284280807
0.689704793846773
1.16371427410407
0.701505383847669
1.33635145281124
~
-0.741533786967444
-1.24783675956842
-0.839270705304114
-1.0698618504398
-0.946458726053615
-0.536183653725121
0.673552835636004
0.655837077478319
0.689945747737984
1.16291798734993
0.700575399762129
1.33598413355754
~
-0.740515391901923
-1.24998830981729
-0.839216091216274
-1.0730128947723
-0.94633309015425
-0.535809355316576
0.673669145908658
0.654132115960592
0.689978050763197
1.16177712073344
0.700419314720418
1.33546560682397
~
-0.74101347599334
-1.2465937917186
-0.841491763525497
-1.07108480484106
-0.944294621044583
-0.530008731657979
0.673989517700453
0.65542580706026
0.689528132209889
1.16206714539557
0.700801177462013
1.33778653895622
~
-0.753923959069297
-1.25091874770659
-0.85391055783422
-1.07173663414825
-0.945250255965191
-0.530835281181659
0.673592612501492
0.654533076020408
0.690918674418008
1.15973119326874
0.70169316006977
1.33611557582835
~
-0.748525236316511
-1.25670043294828
-0.850786463755155
-1.07826920928396
-0.95222161494885
-0.53659749019614
0.6777343384362
0.657598071422627
0.694710329794396
1.16499897723036
0.706420516137316
1.34191492954509
~
----
@Left hand swipe left
-0.737177377273183
-1.19074998434158
-0.778421777340881
-1.11510503390031
-0.966386319485259
-0.63318574173885
0.616402927212053
-0.050858863751118
0.352799171739071
-0.273578857258313
0.264931251343325
-0.347818832237022
~
-0.73595501567514
-1.19104555721201
-0.771286710510839
-1.11366495411513
-0.965080802715366
-0.632734197273145
0.619519464128122
-0.0469313021136259
0.357814694084878
-0.271546759156713
0.270579763124142
-0.346418593397052
~
-0.734573017365677
-1.19286712138995
-0.77051205958764
-1.11282087336815
-0.964605739687255
-0.632247130599809
0.614828465096784
-0.0492088402296784
0.366410016348464
-0.274730854888498
0.283603862957008
-0.349904852157405
~
-0.733154086309611
-1.1915818831513
-0.767656302500805
-1.11008687141267
-0.963204435169473
-0.631699425784914
0.613723014914959
-0.0497074187046286
0.366334143897405
-0.279139752427833
0.283871186891554
-0.355617197002234
~
-0.733242564320591
-1.19107946509108
-0.767671927193366
-1.10913014067983
-0.962234666372065
-0.631178186989387
0.61292775226894
-0.049773336461941
0.361978091133434
-0.284479991298099
0.278328204088266
-0.362715542910152
~
-0.733680022439717
-1.18975234367979
-0.76763946767789
-1.10763996592169
-0.961860339938046
-0.630069228938314
0.612352689303643
-0.0497451190893724
0.359654353175274
-0.285515397074678
0.275421578264118
-0.364105474543247
~
-0.73372849460046
-1.18959133883139
-0.768016922022665
-1.10731595927727
-0.962202147136953
-0.630075293056179
0.611829446348951
-0.0495067561367183
0.359386224302071
-0.287628811906058
0.383170022327513
-0.387031084883162
~
-0.732550806168469
-1.18961718318118
-0.766874232786846
-1.10652320521553
-0.961325337527346
-0.630226392777906
0.611217199918427
-0.0498479551855016
0.35815036916078
-0.290497867026157
0.385201822022633
-0.390962453344003
~
-0.731949425230854
-1.18877800881363
-0.765958036964698
-1.1051498367203
-0.960667092914472
-0.629244628490312
0.460022631790204
-0.0721632195083701
0.541789833914942
-0.325504936425582
0.563752603557642
-0.435598438285513
~
-0.731605325403263
-1.18903907039466
-0.765854444201021
-1.10440796001253
-0.961237264622259
-0.628570944322388
0.472010637650849
-0.0697582444778825
0.52477410523527
-0.33553996694536
0.564060022349984
-0.435769765594685
~
-0.733393726836802
-1.18661679800423
-0.76624545306159
-1.10371363369325
-0.961624157801729
-0.62826418287967
0.473417119846709
-0.069847338126991
0.522309035740528
-0.339740235493848
0.563830510830587
-0.435707260378388
~
-0.733567147249255
-1.18747640763972
-0.76650018191277
-1.1046365418776
-0.96218281149398
-0.628551256586245
0.474763755623357
-0.0696922298168584
0.52329729573829
-0.345544237334571
0.564263918768195
-0.435226111377815
~
-0.733841808432493
-1.18859124932552
-0.76665473271522
-1.10608027389916
-0.962210655469133
-0.629604959223803
0.490256761548815
-0.0644975088790101
0.496202698347597
-0.358882779223712
0.56467461837566
-0.435721971714352
~
-0.710663205598414
-1.24297254733516
-0.765255538428235
-1.10632243289734
-0.960384650477418
-0.629574853500463
0.490468966693859
-0.0642928257682811
0.496329765242923
-0.363207188152396
0.564982755818857
-0.4356403704581
~
-0.731136969465174
-1.1874933673919
-0.763353551601235
-1.10503099528092
-0.958868769091288
-0.62846994660699
0.492727065559905
-0.0631003043799543
0.498356226063059
-0.362744567987097
0.566352870050984
-0.434938549164237
~
-0.731440814874908
-1.18719889639422
-0.762982897282151
-1.10539192335286
-0.959000912391576
-0.628821025597628
0.494789935892283
-0.0614059288514377
0.49647849375362
-0.368027556549328
0.566729060368643
-0.435104509299637
~
-0.73130814731098
-1.18792848653281
-0.76296886018672
-1.10578292248989
-0.959430587453348
-0.628808894300681
0.490035557975649
-0.0644584555770565
0.508954832811765
-0.366309370757094
0.567669690102355
-0.435412363960922
~
-0.73062884970833
-1.18766611461449
-0.761704582599443
-1.10680016952708
-0.958896737693268
-0.630334023372985
0.492458115409492
-0.0614894152029089
0.499833155015045
-0.378035527158257
0.566712369138217
-0.436161871186664
~
-0.730682164484675
-1.18805392376699
-0.761822388757946
-1.10697437297339
-0.958637531695398
-0.629841996474302
0.485100241479418
-0.0648483608120447
0.510627636495938
-0.376074662352751
0.565349743459397
-0.437747927003136
~
-0.730298026058466
-1.18702419664723
-0.760940574567635
-1.10636990249764
-0.958416192667099
-0.629346096538751
0.482085360141952
-0.0658687208246334
0.514051861739123
-0.375318673646769
0.564576678189153
-0.437680909737889
~
-0.692273915227943
-1.29943333412855
-0.782683268459887
-1.12046691268245
-0.958146846678316
-0.630218928090336
0.478287769954955
-0.0677649335567694
0.519424031587231
-0.373010608693096
0.563670164803731
-0.437362369907964
~
-0.728579734371635
-1.18571988849371
-0.765286553092273
-1.11248470502308
-0.957851199027472
-0.629962614012891
0.476995685469421
-0.0685206174245522
0.521672259427495
-0.373257485871481
0.56346712886476
-0.437497644251722
~
-0.7278606059216
-1.18404577428952
-0.761565763422906
-1.10875391027875
-0.958021470679711
-0.629783053094051
0.48660507762906
-0.0601183054334372
0.505289849307553
-0.386364523676211
0.563905379440158
-0.437894365164524
~
-0.727626431061159
-1.18314013609324
-0.757464077212915
-1.10674777012352
-0.958526492972096
-0.629522523188346
0.488932436322982
-0.0589284202841775
0.504000674669994
-0.389578262510217
0.564686932357651
-0.440098560343278
~
-0.728587746143189
-1.18075837093476
-0.756863231860194
-1.10617297448045
-0.957374655873694
-0.628950963998179
0.493733693437382
-0.0567066810197823
0.49622593174892
-0.39736510511481
0.563819378409846
-0.441377078416082
~
-0.703461708713314
-1.24126059403017
-0.755719841861173
-1.10510888504505
-0.957728687420453
-0.628699567908235
0.495695696157104
-0.0555721587501641
0.492820140657433
-0.404627294186788
0.563966000340062
-0.442248466748444
~
-0.729471019695176
-1.17828015657428
-0.755584821314029
-1.10373531443754
-0.95694635506043
-0.627229655011838
0.497421933768447
-0.0545046183174599
0.488660295177317
-0.409468680324003
0.563669110771367
-0.443614896336656
~
-0.704867369171337
-1.24126422138202
-0.755775715150787
-1.10392357221729
-0.957684254754377
-0.627684434792298
0.498077612662932
-0.0539440944183812
0.487934731832003
-0.411663986070841
0.563868851130888
-0.443905170677505
~
-0.705514310000619
-1.24079615290055
-0.756878271902785
-1.10327740394726
-0.958574535316855
-0.626546545150047
0.497310090154065
-0.0534825205666718
0.487061506633232
-0.412800954529764
0.56312224686095
-0.443791424100131
~
-0.731319514466387
-1.17810928564177
-0.757295968469711
-1.1026708934774
-0.958542162959882
-0.625828806763511
0.498661530243534
-0.0540603440129293
0.482689161799659
-0.412280428664574
0.562250114951177
-0.443467866116243
~
-0.731412254017289
-1.17750974317417
-0.758765156848632
-1.10273384530297
-0.958535361652326
-0.6243572145895
0.498382929234307
-0.0525606183175534
0.481326341186183
-0.412755999203023
0.561361638957274
-0.443081832865694
~
-0.732325471753319
-1.17825177011841
-0.759625682933359
-1.10393947558831
-0.959372086004343
-0.625157576505241
0.499444829957519
-0.0522295934881889
0.479497783115847
-0.413875418266022
0.56131292950667
-0.443431256959974
~
-0.732261550497652
-1.17805382611157
-0.759313459772089
-1.10386098665971
-0.958898489882633
-0.625071657850095
0.497597479705422
-0.0517889981501479
0.482289030178239
-0.416616742050311
0.561459337526986
-0.444809957578188
~
----
@Left hand swipe right
-0.667662455981297
-1.08280169395671
-0.69129870598789
-0.927335359573969
-0.982950563564577
-0.49319185011586
0.904506226983874
0.147661562382668
1.39508134970311
0.364611345470363
1.47310397741601
0.386769173722241
~
-0.67463082660606
-1.08423551608378
-0.690585131591508
-0.926512879515732
-0.981550179527505
-0.493734838826132
0.903785263046482
0.147245987844568
1.39373178434922
0.36360472072857
1.47281071889465
0.385858240044863
~
-0.66011157328736
-1.08246006664477
-0.689952869599403
-0.927147884896431
-0.980895049134117
-0.494092181734835
0.904207820960931
0.147521966080847
1.3937481596991
0.364366362149279
1.47043196553847
0.3859291613178
~
-0.648799753291632
-1.07978817840431
-0.690349315243301
-0.926463366710188
-0.981332363934627
-0.493498653603126
0.903924619220046
0.148234892396704
1.39363578229264
0.365177289517887
1.47016100369594
0.386614882673332
~
-0.646381813580293
-1.08175742898732
-0.6914052448563
-0.928116544948818
-0.982659943716366
-0.494555654371101
0.904365097338222
0.148830908595924
1.39463637173729
0.365803310863877
1.47111222067458
0.387252024306314
~
-0.645604905792808
-1.08205455691985
-0.691479279374804
-0.928256834742573
-0.982749333329857
-0.494706422812651
0.904455095975331
0.148584911134206
1.39500557991229
0.365427822202648
1.47058049672494
0.386991490702481
~
-0.639068550921324
-1.07998730879023
-0.692797441381923
-0.930000135917521
-0.982934752186243
-0.494212368122654
0.904108605084059
0.148481208099289
1.39473330384344
0.365525994111249
1.47073293022543
0.387515564487024
~
-0.632814963408343
-1.07797737713772
-0.691511224163745
-0.928551609958524
-0.981543905210066
-0.493459876481805
0.903882851482249
0.148397054317169
1.39384329389883
0.364869024730511
1.47184653505582
0.387455085557662
~
-0.632501060961672
-1.07820027689826
-0.69147885756465
-0.928242078222792
-0.982518121439416
-0.493426851514464
0.90426377954264
0.149207329106216
1.39464699531862
0.365707490917293
1.47241625649792
0.388353418568521
~
-0.644888071273848
-1.08467400459503
-0.69107706398752
-0.929379633486352
-0.981822952034885
-0.493603480735457
0.904174909996366
0.149518852048222
1.39451278785286
0.365766140269213
1.47220806499386
0.388317689892665
~
-0.638873363931597
-1.08198002313027
-0.690596503634021
-0.928358079073139
-0.981003904306575
-0.492964742939109
0.904449767237015
0.149656566001464
1.3946170921472
0.364985008942628
1.47229338625986
0.388505146112032
~
-0.63498343590216
-1.08164884025566
-0.691583707634239
-0.929606235373448
-0.9822534564704
-0.49326176154795
0.905042462721299
0.149436933819884
1.39548232654917
0.364774575228251
1.47421056086412
0.387608888227532
~
-0.635683319363583
-1.08161013209942
-0.692482234436784
-0.929639140135767
-0.982485804301969
-0.49288950002448
0.905893704807216
0.149768934149707
1.39662912762296
0.365348270121788
1.47496375403586
0.387047683781116
~
-0.67186742934957
-1.09068321086004
-0.692635428269992
-0.929972639750256
-0.982789867332838
-0.493267020493654
0.906549990962873
0.148438446958402
1.39684401722923
0.365197443589148
1.47529419114781
0.386837835818265
~
-0.646022087409416
-1.08569333131495
-0.692255711579848
-0.929765213149695
-0.98288596456374
-0.493406094227586
0.907189600060198
0.148447001964435
1.39772001422573
0.365403876417326
1.47526939003507
0.38657953662309
~
-0.642068589635001
-1.08439435564555
-0.692584603873149
-0.930394997499724
-0.98311101391
-0.493616350779817
0.907474187599067
0.148319378090933
1.39850821820007
0.365608330234302
1.47513171592303
0.386586308939887
~
-0.638050330260289
-1.08324030270946
-0.693824727150537
-0.930212230569409
-0.984046916695785
-0.493533108617068
0.907693848732049
0.148103892893369
1.39876168507417
0.365666500450668
1.47565738171949
0.386568782251577
~
-0.63317597085198
-1.08052471882064
-0.693622350729132
-0.929114203321722
-0.98372507491561
-0.492500207188192
0.907646727661702
0.148145343887338
1.39849808740637
0.365312965021684
1.47567244007193
0.385972530757679
~
-0.632902685944148
-1.07989389713859
-0.692990208558978
-0.92934335481094
-0.983700796102979
-0.493067703178727
0.907979505524999
0.147828420568783
1.39874754582227
0.364081532191541
1.4752564621395
0.383373191501324
~
-0.63159116179643
-1.08105824172041
-0.69302259801696
-0.931248944966051
-0.983991378412419
-0.494520909901825
0.909267281634654
0.146050299638158
1.40077803905046
0.36094720250115
1.47706839088983
0.381295376344473
~
-0.63192380001284
-1.08099518152898
-0.692389178265553
-0.930870399071328
-0.983538848184345
-0.494185350685245
0.909513016355852
0.145723709155671
1.40108865712145
0.359350280924741
1.4762667988429
0.3797767544716
~
-0.63088467206953
-1.08097053040322
-0.692253585787669
-0.931617926716136
-0.982899102509829
-0.494535336878608
0.909686360955489
0.145318379914108
1.40101134110146
0.35775068962161
1.47605843730718
0.378235683038043
~
-0.62962911710141
-1.08060683572342
-0.692107265238546
-0.932348725865186
-0.983101165768915
-0.495121560120311
0.909055144840498
0.143826577942178
1.25600528921111
0.338643814067752
1.47785445034657
0.376332287950955
~
-0.662726234425657
-1.09026019713703
-0.691177503561663
-0.932834871510854
-0.982245413066529
-0.496028663682629
0.909136575462961
0.143444229494503
1.2554557503551
0.333441323733971
1.47743055326979
0.374773276768263
~
-0.640677784911044
-1.08515765742896
-0.691489123518152
-0.932737036399184
-0.982352557137098
-0.496016343746847
0.90976839271661
0.143958021413613
1.39895201894721
0.349740722870586
1.47766110206689
0.374228430365599
~
-0.654250092021885
-1.08931437876992
-0.691693042215704
-0.93304869000993
-0.982350573497815
-0.496312206714497
0.911185168225421
0.144702719551592
1.40071545402446
0.350320626192686
1.47736368064697
0.373231189214368
~
-0.660888264706085
-1.09273940035359
-0.691191980399344
-0.934158313669255
-0.981715275173993
-0.497188815431631
0.911565805977004
0.144198179075233
1.40203544208616
0.348405500049905
1.47814622934502
0.372448742203023
~
-0.68972542745969
-1.09680783541561
-0.691587616333289
-0.935094539278924
-0.981338380893179
-0.497897552992892
0.911494314769969
0.142554024429659
1.25619915091073
0.336510943095078
1.47838530837756
0.371651661797654
~
-0.664822553057278
-1.09440806749375
-0.691491143498935
-0.934983476378323
-0.980875341519894
-0.498507196876203
0.910913986605157
0.140924280698615
1.23881243442791
0.379988528469168
1.47854846858493
0.370611002888259
~
-0.670246978474175
-1.09611635005891
-0.69132298248634
-0.935652946153439
-0.981299481431404
-0.499461932507193
0.911537302407732
0.140041817572255
1.2568019350601
0.338488920112776
1.480026112331
0.370112388186679
~
-0.682886936753745
-1.09826339491693
-0.690672670749052
-0.936925842497985
-0.981002418938114
-0.500835511376357
0.911931870306947
0.140058561947536
1.26018239741439
0.333833771500857
1.48228654935662
0.370266288206672
~
-0.653549917479335
-1.09474530941751
-0.691101110209963
-0.936877231550555
-0.981397253437209
-0.501060447677952
0.9123664492821
0.140412002195753
1.26291792795827
0.328798435873577
1.48259867724757
0.369804231641487
~
-0.656423386572767
-1.09586410257845
-0.690899040061452
-0.93750733881594
-0.981483909245142
-0.501594647833094
0.912632056229508
0.14078567165115
1.4073262093866
0.344966052522835
1.48388383103365
0.369750104480944
~
----
@Two hands zoom in
-0.68124165276228
-1.08347267461544
-0.737817904384239
-0.957607973104717
-0.969284584668042
-0.551458378982506
0.293708152489443
-0.0569487629725846
0.138351261388725
0.0475152309527016
0.103827326460717
0.0719557135390835
~
-0.681194256041898
-1.08323045383393
-0.737506838457763
-0.957367186420152
-0.968832187235001
-0.551237424030273
0.309392915797598
-0.0631360551259513
0.148020045753169
0.04199458965857
0.103638454157686
0.0715370259995623
~
-0.680215444640789
-1.08271875562571
-0.736829055985421
-0.956961460638754
-0.968361722104657
-0.551705245094791
0.312165163175247
-0.0646388291701404
0.148764832099589
0.0406995326171136
0.103294675909397
0.0705186867402072
~
-0.681178577888006
-1.08202011079485
-0.737001516524684
-0.956024268604025
-0.969292732702739
-0.551546661131441
0.3107999508127
-0.0495588821441892
0.146128517151047
0.0458242757711291
0.10290740876618
0.0716488922037626
~
-0.681606855275636
-1.0835122226528
-0.737308166618187
-0.957322423869965
-0.969342073113768
-0.552267765880502
0.307469358822179
-0.058015917196349
0.146500787806758
0.0425233150166698
0.103752306526811
0.0703566248211853
~
-0.734230922048348
-1.13107598028987
-0.80041909611241
-0.980881216590057
-1.0761723846475
-0.500250936793082
0.460863415994405
0.0791084288838413
0.264051452350714
0.198156892324097
0.199091306442805
0.238738455790945
~
-0.720612487287946
-1.03530744755367
-0.784403104385292
-0.891973506523025
-1.04740742056619
-0.433104874804916
0.419774002403996
0.119760309530338
0.231670507218383
0.23276545303585
0.168631386897342
0.271697618358706
~
-0.724295641724399
-1.11493064601686
-0.789917936770059
-0.971764763994016
-1.05259933813166
-0.508343234866458
0.424197413117049
0.048238039065349
0.234704272732869
0.161863700406803
0.170745724509596
0.200712886229451
~
-0.682935404572848
-1.0979059020822
-0.741604655909243
-0.971155145182301
-0.972817901031212
-0.560553638076196
0.315295578704789
-0.064436654511091
0.154575904296752
0.0376175915804776
0.109106603243995
0.0658381350737308
~
-0.683354550969441
-1.09996283861121
-0.741614445165917
-0.972980096806062
-0.971445242802265
-0.561150885079262
0.319677260133154
-0.0655488075776636
0.156061057139189
0.0362904117416053
0.109233272610345
0.0650674427532583
~
-0.738171533923397
-1.14440760882646
-0.806540463810411
-0.995192837491603
-1.07598764082982
-0.507224038673816
0.447605279074465
0.0743101593943125
0.253427630330253
0.195302467188663
0.197214852857998
0.229534661988425
~
-0.753338434708811
-1.16827309401083
-0.82780797578944
-1.0076325604421
-1.11864892069799
-0.479965047385467
0.529171736909833
0.160384502533712
0.318373821381241
0.280755841381936
0.256556749679953
0.314930251129871
~
-0.746335860413427
-1.13890947027335
-0.817156929880201
-0.985455148131671
-1.09549848007597
-0.480877842020873
0.470925240821821
0.153248337047625
0.26975315565441
0.253199136133017
0.218570794735177
0.278229488004116
~
-0.752081538694306
-1.14830484473966
-0.823621193324694
-0.991729052950603
-1.10785319492897
-0.476716638212327
0.488536192120857
0.175894687268655
0.283705950709681
0.273015662833798
0.232425578918326
0.297401521393988
~
-0.727865186803285
-1.07189622785035
-0.791223682537598
-0.932300061731575
-1.0446862578977
-0.473015717003725
0.375961814329802
0.0915854398725309
0.193473393616075
0.193711791038153
0.151165357864967
0.217194208925869
~
-0.728966920357138
-1.07383325913798
-0.793155245928161
-0.935023375612532
-1.04467994724569
-0.474560459101958
0.377744162394978
0.072772594088016
0.200907779780625
0.183499709205891
0.151438134365143
0.214300476476892
~
-0.684027787701401
-1.1055689572532
-0.741436070742029
-0.979817376586802
-0.968265919055397
-0.563451121993924
0.325645426302654
-0.072051744093949
0.161765048178155
0.0275527905567323
0.112243222125009
0.0588176023455345
~
-0.684304132030749
-1.10482955456929
-0.741604240018373
-0.978987913492918
-0.967789611271928
-0.563062454589005
0.330491298715233
-0.0728430782456285
0.164688018343894
0.0258713622482927
0.111807814945443
0.0586100105164179
~
-0.679452569594016
-1.09602192988485
-0.736187010442057
-0.970717173710293
-0.960929809977615
-0.557466172895163
0.321155124846213
-0.0696309074986438
0.160186027375545
0.03021257531063
0.112649446245262
0.0608123087420864
~
-0.680543922288344
-1.09575611515099
-0.73663522376706
-0.970695602565368
-0.961179371420204
-0.557671831352829
0.324505652652833
-0.0702596337795755
0.16184520451981
0.0295117611923632
0.112384680492387
0.0607969216795403
~
-0.71686235627901
-1.04297289934007
-0.777189851532309
-0.907145374083796
-1.02202918640195
-0.459429354234091
0.377860224695754
0.0701273497855896
0.199219745518068
0.178039171587754
0.144010294492819
0.2125238266525
~
-0.677805625436225
-1.08400249296886
-0.729826093301261
-0.959513563783176
-0.955998572259523
-0.552096829179038
0.323759261811539
-0.0679562412453125
0.159757002877727
0.0303992687371381
0.108579280323491
0.0617868469019576
~
-0.677976877856528
-1.08486727503966
-0.730818195309397
-0.959768950285905
-0.957010668499279
-0.551829474481309
0.319642681810519
-0.0515848179718002
0.156601191622008
0.0377242756280034
0.10956135134869
0.0638934116801144
~
-0.680137703042944
-1.0856778845005
-0.734733513236219
-0.960880984753303
-0.959595054390435
-0.551977528552789
0.316437384419684
-0.0606787803263754
0.153752592753499
0.0369638478498927
0.107734568457803
0.0649743052938694
~
-0.679941688226647
-1.08512383530146
-0.733983934188467
-0.960521978653711
-0.959332864647054
-0.551615150951205
0.31795170588831
-0.0622837418288592
0.15512374042901
0.0365836181109813
0.107324968047686
0.0664307365152006
~
-0.679558313663977
-1.08462025342182
-0.734909429577812
-0.960707852422461
-0.958438618442312
-0.551371777950856
0.321649160218524
-0.0618107744417142
0.157297555020064
0.0356446276552253
0.106401794683011
0.0663090569874135
~
-0.678736787277256
-1.08434599054525
-0.733961167995643
-0.960563480489325
-0.957179186249983
-0.551799547569115
0.315114284065518
-0.0508270932354789
0.152460491146117
0.0398881723536836
0.106343352752373
0.0655934974042639
~
-0.678880865347446
-1.08732404517609
-0.734554633781907
-0.963606099276962
-0.958688545297371
-0.553748135667637
0.316061086819298
-0.0531360111908168
0.154176960626662
0.0386792368678638
0.106304986125428
0.0657773517828034
~
-0.679395922319687
-1.08740087336531
-0.735199109659534
-0.963887192110057
-0.959411527752503
-0.553539063727667
0.317417002468618
-0.056922940320654
0.155292467784383
0.0383574236227485
0.106188548537245
0.0667357436560442
~
-0.680185557311261
-1.09024563805489
-0.737035376381381
-0.966375106833024
-0.960687660016943
-0.555037285054466
0.320856768897986
-0.0594495743808941
0.157642008432523
0.03736275873739
0.107131565337534
0.0668842839841105
~
-0.706868690308146
-1.06790955732646
-0.769830981295534
-0.931075714978391
-1.01656949169564
-0.476675408211306
0.387593758362167
0.0735553832688273
0.211393849272134
0.181010182404039
0.162119989382399
0.21055814312322
~
-0.742595418884547
-0.952957288505088
-0.731676725599132
-0.956271519881906
-0.952898061871776
-0.547386424062345
0.313648269690696
-0.0602534537967521
0.15332638598333
0.0404109325798913
0.105539041709087
0.0700593567500623
~
-0.711516111208165
-1.06900451943633
-0.775424417162174
-0.933364406818046
-1.01784447232884
-0.480342933972528
0.386203577632312
0.0568044306136205
0.208070929143081
0.168357913076534
0.153283874185025
0.202045901870456
~
----