@Right hand swipe left
-1.63794559735238
-0.801917376609879
-1.45937500679846
-0.698625023002298
-1.0224182207927
-0.378053697574167
0.94798588416312
-0.367205456714581
1.39689872172335
-0.574118747102682
1.58197947137493
-0.649184561423646
~
-1.64586017514888
-0.79445778241552
-1.46036926978706
-0.69583580760584
-1.02208362701026
-0.377886638109431
0.947638236045308
-0.367522292501483
1.39544102008213
-0.57442543090799
1.58109606159836
-0.648779797783107
~
-1.64966647505109
-0.788160057223063
-1.45863464880394
-0.692458511735013
-1.01737522358126
-0.373633503111821
0.947412903043754
-0.365926268062809
1.39511548709827
-0.574585150444762
1.58130440378654
-0.650936354118127
~
-1.64842002401023
-0.79055612688002
-1.45970636904365
-0.693362921817072
-1.01852510312187
-0.374874063538482
0.945159151119232
-0.366519058324167
1.39341941880153
-0.574099000123794
1.57945491940957
-0.649706332792021
~
-1.64904772229405
-0.788193445718655
-1.4582070971528
-0.691758010590225
-1.019212058316
-0.373998939771213
0.944954669860005
-0.366672646872941
1.39405857279466
-0.574280049403376
1.57912311089508
-0.649962759312387
~
-1.64677456301988
-0.801104394337873
-1.4634282503076
-0.698301541928973
-1.01831234903444
-0.37512027021591
0.945496361130527
-0.366430524425105
1.39441115265103
-0.574432876986596
1.57303128015324
-0.656382892793461
~
-1.64169969562462
-0.813953525424441
-1.46103547957935
-0.70733933074865
-1.0190399863798
-0.376441406498769
0.947864023617822
-0.368461920763702
1.3913313228822
-0.580626629093891
1.48380175917644
-0.680142392489442
~
-1.63981454520204
-0.847774946177942
-1.4584243010727
-0.742187189204366
-1.01504260404665
-0.387508044720089
0.947967097545011
-0.386364014365916
1.38427754851908
-0.604116893668939
1.55929119039971
-0.695031594987525
~
-1.63607591089262
-0.967393328910877
-1.45947970529394
-0.863526181992381
-1.00551476802639
-0.489809354483462
0.94407397468583
-0.454459385043835
1.4242472062252
-0.787720071346358
1.6097463568831
-0.86751061506355
~
-1.52440815365229
-1.1594615589543
-1.37174547010343
-1.04030175070159
-0.967153986918929
-0.553021514346124
0.889930683474922
-0.548940781141153
1.345629805592
-0.956778004215855
1.52731859408277
-1.06800653247873
~
-1.40791505217675
-1.46357471405184
-1.26714094643887
-1.27229417850507
-0.888894078591603
-0.665174540782343
0.819986566378866
-0.622380285233752
1.24957059827345
-1.10713715087444
1.43019229885159
-1.24072644758954
~
-1.21819166296194
-1.60093757069479
-1.13751207745705
-1.39565831355773
-0.812498507076842
-0.745458345763133
0.766268086225914
-0.68092532862533
1.11113474609301
-1.23855247986925
1.29696835881044
-1.38444358864615
~
-1.06835358955947
-1.65963138868863
-1.0294550173166
-1.45941588117193
-0.746979403784029
-0.76702700161574
0.708058725795599
-0.747496832456285
1.05306343948848
-1.35709626763973
1.21161381500102
-1.5417273958984
~
-0.901056846755959
-1.61403077580649
-0.871171556441488
-1.43378710558811
-0.680981652048024
-0.734778739874052
0.678459440904454
-0.779017210401738
0.954365097105816
-1.37429398112601
1.06936852142105
-1.56326233643168
~
-0.756191592730627
-1.45654247152465
-0.747152284148495
-1.27739753710933
-0.642551916145394
-0.675810731651221
0.636436318227627
-0.735440543830182
0.884817242926937
-1.29012853646065
0.940475121112753
-1.47193302716294
~
-0.643419980147349
-1.1506746532926
-0.629801640721135
-0.97553483609206
-0.590803373623682
-0.5585748222222
0.614555425657489
-0.657697720820792
0.831940234275731
-1.09888768170576
0.87963884031117
-1.27602828115145
~
-0.553095981486556
-0.840476140648053
-0.53631010388948
-0.715869999871131
-0.546332796245411
-0.423184183674858
0.499407628793828
-0.386465265287204
0.781373417543489
-0.861790366741445
0.816852899702834
-0.969817413092341
~
-0.474335958945037
-0.563746789339425
-0.469030273303218
-0.530866038575545
-0.526686686036886
-0.305745107528817
0.491933876806515
-0.332081284146272
0.743876677526289
-0.658692586594459
0.782635240003512
-0.686861317298907
~
-0.446720219254657
-0.262615661129733
-0.477926736281619
-0.241751542495092
-0.60613967275752
-0.188582352568756
0.481476149236735
-0.313751760471033
0.738024691071347
-0.42115067246281
0.76944223089555
-0.412531199165706
~
-0.487923251678071
0.00961149268494029
-0.481643828622065
-0.311863117595045
-0.568481381248143
-0.722533091852656
0.5430334077809
-0.356917415824773
0.767157047951484
-0.227492603188351
0.775998050129286
-0.222387190486311
~
-0.589566360292276
0.278823634286476
-0.554701276973
0.208975607192342
-0.782120431187696
-0.145540092290735
0.606218192654247
-0.225101983542208
0.818531178353541
0.0939900125704932
0.832065093223339
0.114330564586306
~
-0.546338199378655
0.675670791062439
-0.57322239909851
0.543625839309648
-0.779528691261387
0.0341622693974795
0.736801937766116
-0.0634307346707286
0.88583673119487
0.330318796564419
0.912203090116481
0.399978610614753
~
-0.546503796780083
0.988709811998262
-0.568117110388437
0.783556845192552
-0.727034793042304
0.289074929265017
0.782972696023179
0.0262139411613154
0.852345539483285
0.574951631940286
0.880128037836004
0.614769390828852
~
-0.506092449357877
1.1423038323322
-0.544145838545877
0.919737772144264
-0.723415194653072
0.396480638921681
0.795329342742128
0.119609732113158
0.902831368319353
0.718872882128345
0.896816715277267
0.896676995252115
~
-0.470652319017301
1.27346180359135
-0.495779432642819
1.1101211747502
-0.683197289646919
0.437943102362157
0.815144656229965
0.249054126910783
0.8979575464157
0.825837900498741
0.89263864672341
1.02900784863193
~
-0.43684192725778
1.37772634004784
-0.468648765709974
1.19526423243132
-0.642759761173251
0.489469799498986
0.802149098013
0.297008343134726
0.859488018450702
1.04574874453587
0.861694489622481
1.14358472212425
~
-0.262344407932172
1.14524404579057
-0.294102961155095
0.977936357402755
-0.435616820863059
0.441028663574402
0.762669150267836
0.263034472863839
0.790806424632796
0.827686528223587
0.789469779857352
0.97246332855837
~
-0.245211448700678
1.20557125527153
-0.280985234509196
1.01466721695211
-0.42966896940935
0.445457642159242
0.767248747423427
0.264093696833807
0.790994070096022
0.842321020977875
0.786060481914083
1.03617919720987
~
-0.233678681956821
1.23212150441656
-0.272916090099781
1.04996246708881
-0.424446193787476
0.454272285556535
0.768360894197727
0.315348120659296
0.780412682414875
0.891467509104611
0.767778734125777
1.07502169527984
~
-0.228405553950073
1.25174430856599
-0.26867078643393
1.05967213840242
-0.412333266402731
0.459279189430016
0.778119707379887
0.314028630882072
0.772286787841719
0.912681715967299
0.752417741545078
1.092569596802
~
-0.22827830513715
1.24462715922901
-0.267350579731821
1.05608381811109
-0.408241466977207
0.457749424238362
0.770751282755275
0.310627958046852
0.76538149218749
0.914617334545621
0.740519234136179
1.09508321576917
~
-0.22632694772845
1.23767064960211
-0.265362836464234
1.05096049832995
-0.405372779891812
0.455894105020639
0.767180197402128
0.302710873807312
0.763464046087905
0.910846713065901
0.736564139197
1.09073056336963
~
-0.227564580034545
1.2357055403157
-0.266410085272233
1.05106424139462
-0.404214247085042
0.456148218316697
0.772626610829949
0.333566140090305
0.761609334013971
0.911460747973139
0.733982522262916
1.09235783815789
~
----
@Right hand swipe right
-1.78860105008475
-0.867030558459459
-1.60860543040428
-0.755757383637978
-1.047235347131
-0.402414142053954
0.968308147729295
-0.356450808447357
1.42132517925787
-0.559237914194784
1.61044334010738
-0.63275055365601
~
-1.72488963780015
-0.861619474632723
-1.61023803385425
-0.761128710957723
-1.047660363234
-0.402542681883858
0.966189197307405
-0.358385943031724
1.41781544910619
-0.558569172257053
1.60915013526722
-0.634082599381368
~
-1.6906690461613
-0.84247398634918
-1.50998331149285
-0.729322231801045
-1.04492942116659
-0.400593178531218
0.966049173148603
-0.358386786750751
1.41732710669851
-0.558960638290625
1.60933833831858
-0.632654419464418
~
-1.70861005371559
-0.862080924379586
-1.55073208748339
-0.757381087685341
-1.04263252116889
-0.400375604747429
0.967028055472823
-0.35877519614619
1.41399008108016
-0.560129876969043
1.60746291154073
-0.633145569417316
~
-1.69292032413932
-0.859963911351455
-1.56073208232968
-0.764543976830055
-1.04194503779061
-0.403742156613067
0.967318764559661
-0.360094858867391
1.41085418473978
-0.555962335856074
1.60678461940465
-0.628094076565472
~
-1.71159940811538
-0.878229270683619
-1.56958133951414
-0.800736733637877
-1.03665421458177
-0.407837425368957
0.965599286265655
-0.361434426845453
1.40622349468253
-0.559244477118764
1.59186602775797
-0.638228035022215
~
-1.69269880236778
-0.882252553173736
-1.50294250452022
-0.781549366682142
-1.02979075271694
-0.411851418475571
0.969034024385095
-0.370093578319762
1.40125425926788
-0.572410733817832
1.58843433515903
-0.653892973541191
~
-1.69032201709219
-0.919901713951401
-1.49584299688608
-0.817311484730369
-1.02056285175812
-0.435779094860366
0.966705550208257
-0.400252627111758
1.42549105405298
-0.667166283698812
1.61149820953396
-0.746286767339906
~
-1.63380987459178
-1.04597022604331
-1.45207572357598
-0.919109159335693
-0.995823761795669
-0.496249840318601
0.93991395857511
-0.465964392361122
1.40775780371833
-0.76280555024649
1.58147430695235
-0.860637457170599
~
-1.52121043769774
-1.22097321398566
-1.39408787631587
-1.09150555988419
-0.95615067633901
-0.562214072973775
0.901231882048639
-0.559225874251605
1.38309207421006
-0.938827072636547
1.55189523672142
-1.07448740583613
~
-1.41268099194519
-1.50715446363845
-1.31583295882741
-1.32686844140433
-0.896259359547104
-0.652365726423508
0.860399859049485
-0.644624720650125
1.34295830734814
-1.11772454800219
1.52829188035688
-1.25407970063192
~
-1.27739537587164
-1.63444099236231
-1.19943444480176
-1.42585734868523
-0.832172138755101
-0.72496919944086
0.815127862751164
-0.710602114797775
1.29543339017102
-1.23151751600391
1.46182073030546
-1.38208585327615
~
-1.17811219844983
-1.65042121073638
-1.10669764052117
-1.45553644353598
-0.788267172060985
-0.770147876272876
0.772676264721179
-0.741876946375871
1.20883575519284
-1.29963711938895
1.35901080228494
-1.463055963205
~
-1.09298361602032
-1.63626116470812
-1.0555763496883
-1.45472130778922
-0.756152266669274
-0.74906431835574
0.728353982070808
-0.7537291137658
1.13365406014303
-1.33504490076192
1.27392311586178
-1.50191627713634
~
-1.00549948816268
-1.47663059517201
-0.98155066688314
-1.30467432713553
-0.72573334705791
-0.702135989901945
0.720720266830041
-0.739630329339885
1.0863698195768
-1.25232486390576
1.1636315734567
-1.42100371152146
~
-0.953132342777269
-1.19599278126255
-0.91092342887491
-1.05249005949384
-0.699957523800401
-0.569901998127975
0.709406650353796
-0.637371502683197
0.997119020285225
-1.00128548088918
1.08885632815309
-1.14571654837203
~
-0.892657743816586
-0.827248140203226
-0.846470102841221
-0.733729661941519
-0.648018735738521
-0.402840415190742
0.70965497313892
-0.462845144881861
0.953242189708547
-0.690008063737701
1.02202564200019
-0.756728742645868
~
-0.889438894440272
-0.375858893607884
-0.817100424938213
-0.412266236528228
-0.676051030547635
-0.247601369436747
0.667769246292231
-0.337212730063765
0.911283516490588
-0.390126457682112
0.988328001994567
-0.384762625053461
~
-0.876637665175418
-0.0269754034965556
-0.864978185448691
-0.0339803939330564
-0.688879155488556
-0.139780465905289
0.763005148502934
-0.204470673941823
0.995077769547497
-0.0508404478025603
0.992753867507681
-0.0341075310475792
~
-0.902470555179667
0.373107051827601
-0.84288005422391
0.327287493956473
-0.770560848064244
-0.0240260462127784
0.704707067575482
-0.146230413178139
0.988773903084497
0.325930715534915
1.03755763750027
0.361268699838206
~
-0.850982184484234
0.720776875711649
-0.863916974030182
0.750705787481967
-0.744252914645616
0.299311922689355
0.785096029057291
0.1059151128092
0.991259965244868
0.563645084910899
1.00258717898606
0.648461216674963
~
-0.812554719147097
1.08157434153649
-0.796835411803017
0.920853772724189
-0.749677541940312
0.438692118456813
0.813555591702443
0.259330043974714
0.988662014509094
0.907401127396509
1.01141523610348
0.931970683569309
~
-0.752848177445637
1.33805445868128
-0.75099794929184
1.17692921204969
-0.756128060311142
0.528884299023261
0.839345737849738
0.347612062149349
0.96864541671255
1.01222814297373
0.986749459870984
1.14559901911175
~
-0.716881128194142
1.4571985896071
-0.723929177622367
1.23757113880938
-0.737539322303875
0.557658361428185
0.847660862626132
0.395161165293749
0.964608490236371
1.04841921115775
0.984810367311294
1.27126898902064
~
-0.691650400917869
1.52814419583251
-0.70226799204076
1.25138111015885
-0.73270870187925
0.605271899410735
0.860368162363293
0.409231376012913
0.955819337577301
1.05511174124622
0.976586214145016
1.3047092090575
~
-0.67725301772066
1.53465191050256
-0.689122000403507
1.25341195561192
-0.72249388706107
0.608335585369973
0.874648088904839
0.423383029045857
0.953799651549943
1.11561656478509
0.968107509178259
1.32151417287935
~
-0.675350040390808
1.53724316163379
-0.687106976370746
1.25756914121428
-0.72078379940922
0.6128856951365
0.868288188354242
0.427938802695209
0.961564911591231
1.08409896092428
0.969546466455989
1.32232092494924
~
-0.675889591164922
1.53458338896608
-0.687868302983744
1.25301623276939
-0.721920766726537
0.611105215433574
0.864216169977131
0.428480744188592
0.962647070875727
1.07575907170415
0.975279536472514
1.31841922809372
~
-0.684682316840167
1.48880222656358
-0.691637673544095
1.23745494838504
-0.714431192637078
0.590906223476982
0.862797334543543
0.427656147307292
0.970252823956817
1.06755172949353
0.988258453337727
1.31038995177179
~
-0.693753337937601
1.4692888521706
-0.699895421471475
1.22746638644737
-0.713865689636315
0.576050971780686
0.860013810826104
0.4227479772432
0.976768130649345
1.06274815187246
1.00136992124612
1.30165190727901
~
-0.696199889089258
1.4617702722811
-0.702205066511578
1.22267270330772
-0.72242449570393
0.568896157324576
0.859161135783878
0.420661559810243
0.981491214981595
1.05499457774453
1.00932674364567
1.29489760774261
~
-0.69441948073464
1.47302163960596
-0.701162344687014
1.21951599458629
-0.721593861435784
0.572052492612158
0.859148933919179
0.420494061337303
0.987414497755675
1.04100865180954
1.01769408906705
1.29137543955828
~
-0.683073594455642
1.50257588965834
-0.697709142368781
1.22495520251478
-0.723869045627417
0.584419851468174
0.857417062328452
0.417412177251693
0.991742537669808
1.04075955520309
1.02670190428432
1.28534825237214
~
----
@Left hand swipe left
-1.74464992482487
-1.05444237381621
-1.57201501827589
-0.95132905753975
-1.06604001811698
-0.522446469408006
0.724139236966388
-0.516607585188308
1.07625637106739
-0.775882023038115
1.22287064447653
-0.87640055077083
~
-1.71481860070862
-1.03802460820974
-1.54585806126974
-0.937364875116098
-1.06433519092738
-0.522795500910446
0.717051082804205
-0.517910214424353
1.0769913992711
-0.7764967767963
1.22431802750539
-0.87719751262722
~
-1.72226776321815
-1.0526091282145
-1.55275091367525
-0.944371114119548
-1.06424625692311
-0.524477199435636
0.718664678650046
-0.521527545452016
1.08149011315228
-0.776976984603185
1.22894098283598
-0.877335660894011
~
-1.76142800623141
-1.07157666734142
-1.59328690950931
-0.987272357485933
-1.06504980035199
-0.524540665061551
0.722195914523427
-0.533038582918172
1.09358697659827
-0.792328388546135
1.24485264648836
-0.891662277891333
~
-1.764152448896
-1.07591079155172
-1.59617333288819
-0.991292400974402
-1.06491349883479
-0.527165868220206
0.712636266006316
-0.531373513892541
1.09240286596459
-0.803449190800344
1.24347708928086
-0.903395330153783
~
-1.74327073359431
-1.06857379825303
-1.5673444796001
-0.969131010840309
-1.06260474765574
-0.529288475125809
0.709437534241527
-0.532202961487884
1.08970380181035
-0.812559379993814
1.2412865209525
-0.913075668980526
~
-1.73636189546012
-1.09045182427701
-1.54546171673955
-0.968861954661582
-1.0610785398786
-0.536017800372584
0.70466059844754
-0.528759933115165
1.08740327417535
-0.814808861440424
1.2342311603162
-0.918778475286396
~
-1.7244517954694
-1.13993638053774
-1.54189075116261
-1.02742143652162
-1.05328766249166
-0.55416294320983
0.691271343736054
-0.540084053118403
1.01652479629275
-0.839572776848947
1.14577989608693
-0.941018356637035
~
-1.61921597025256
-1.23739951163497
-1.45412416313787
-1.12781721046556
-1.00776661823365
-0.603611431517369
0.674005071021201
-0.581900469123568
0.991899943086977
-0.911969927842232
1.1063222945441
-1.04608025192447
~
-1.53856173835337
-1.43954152942174
-1.38618569168074
-1.31076300769588
-0.939599770207729
-0.675996336344071
0.668536740823393
-0.648531946249767
1.04307505931591
-1.18378524248449
1.14500290688573
-1.3539595863508
~
-1.37630582141382
-1.57438558491068
-1.21385338854999
-1.40430480681505
-0.873190542881738
-0.7411203800138
0.648723062505099
-0.72195142307056
0.909430904503806
-1.26179860120095
1.01785948887486
-1.45867311927957
~
-1.17555580805141
-1.71905757989912
-1.10415780180845
-1.53332306097701
-0.804814920893515
-0.794896398260973
0.643393634303047
-0.766946291806357
0.883882364861322
-1.38994773840435
1.00379741251071
-1.59052886188964
~
-0.996616841492435
-1.75334945264627
-0.954932829659275
-1.55641050623505
-0.741269375257551
-0.811560590467219
0.648641275657791
-0.828534848184492
0.927499211670616
-1.54748175114908
1.03948233051702
-1.75686807285158
~
-0.795502052612916
-1.68703495183377
-0.770717433175388
-1.47029700525241
-0.700290230023027
-0.794004227690119
0.667350797338821
-0.850832202779388
0.977522918675241
-1.5662738501522
1.09118077279648
-1.80943779610692
~
-0.62041659373202
-1.58320594172767
-0.630434168219463
-1.36297963259712
-0.641801573044046
-0.677353365504214
0.678955847871097
-0.831822815806218
1.02271349597638
-1.44108077006945
1.16441570551741
-1.62866621075813
~
-0.467120532492546
-1.31471319754929
-0.482624440151078
-1.14591547375666
-0.566395045290211
-0.537546914614603
0.725838071299841
-0.768682584833146
1.1130484102315
-1.22624500626853
1.25528912603854
-1.36115220519413
~
-0.343059497902062
-0.907033516053402
-0.349404686122164
-0.734386331977768
-0.526977606274694
-0.416623218956752
0.785976458647557
-0.628678055115091
1.19743139513102
-0.978374873556261
1.30708065067435
-1.05081839826745
~
-0.227844583170302
-0.535689842827406
-0.292299294959078
-0.515752850308283
-0.53825468636658
-0.323449057781173
0.699765553537632
-0.420795782172116
1.26253064700627
-0.71787977142834
1.40909432978046
-0.767913335886479
~
-0.166713570818702
-0.207927196160277
-0.279742354723481
-0.434399696067154
-0.55869515488207
-0.264651091471133
0.747590251520361
-0.31904629316543
1.29009272253578
-0.406484428586869
1.48181512011216
-0.431032459522885
~
-0.101222098896421
-0.0107182046688804
-0.260381003455872
-0.331689697545611
-0.448721890315604
-0.189286705912451
0.749452922211329
-0.2841496398296
1.30275404141254
-0.170331312282011
1.44779391492711
-0.146563331871952
~
0.0441683954134204
0.280216887788014
-0.080280425807875
0.127362363035284
-0.311722417791835
-0.0640036897379783
0.763365096792038
-0.212777344057936
1.22589728491088
0.0746872687622195
1.3853469743755
0.155853732671448
~
0.114588915451743
0.558359771735691
0.0145631571447095
0.382654854544348
-0.22261284755755
0.112330591806029
0.809645637554723
-0.0920344519686946
1.20294283152076
0.219848146557092
1.39372641185166
0.368450757691023
~
0.0573925133223549
1.1178278342797
-0.0268051519429784
0.967302788632297
-0.38160495754027
0.372493107223881
0.909163016402113
0.165306176780794
1.47033773848428
0.643575950200883
1.61399274412194
0.784456771835862
~
0.0608309018861782
1.30186803219431
-0.0373782377202354
1.12461702045223
-0.356515051818699
0.539537034375986
0.901111518340911
0.220601053137837
1.34099307326619
0.741915437783227
1.54544268455624
0.878564867928919
~
0.0207798783458797
1.56368013618316
-0.101114566004369
1.32157966842764
-0.393404369537068
0.673433135002344
0.924243583175071
0.322649842208841
1.48189413039785
1.03686369984414
1.56085179163089
1.10946414315343
~
-0.0302605709700676
1.62862198565159
-0.065768336859665
1.55236470448492
-0.405233307158735
0.66457515597999
0.931300923440048
0.330543433957981
1.35875886751077
1.06256051567513
1.48829300600546
1.19611782996866
~
-0.0649412334717327
1.67657545499838
-0.100373292229375
1.5878955607047
-0.398870463580295
0.65731712075233
0.961801926262884
0.417777449488104
1.3204214553738
1.07856688347984
1.46803466358059
1.3622624730803
~
-0.096457880333536
1.67530048372803
-0.127190657245332
1.58493703963887
-0.397930726634064
0.640612533907274
0.993611282226948
0.491270810564517
1.28883637287731
1.1317381201144
1.41063076815255
1.39946631795704
~
-0.0980826643518299
1.64307700107603
-0.134986569671453
1.5548657757072
-0.384275056741038
0.623635659804152
0.980268745467776
0.489112278140334
1.24538324906372
1.16125589991436
1.36966370794881
1.40917884324197
~
-0.100545339895145
1.6226794057604
-0.129937818796146
1.56663377147685
-0.383007765206967
0.71760131990707
0.972212964400368
0.505046110305905
1.22923502255443
1.16911200736023
1.34187121199978
1.41297078140229
~
-0.110291552275692
1.62734942538311
-0.137266057437507
1.57324880291865
-0.374442021890329
0.750812946607537
0.967384962131639
0.523669757590513
1.22334067280319
1.18745350980478
1.33148624479304
1.43754178362274
~
-0.117729732724277
1.60259182372461
-0.143841687523319
1.55216930311439
-0.368871308331786
0.750687333488867
0.964469469565728
0.517798070724301
1.2051042983087
1.16422735103155
1.32262059477443
1.42846912933477
~
-0.120592315387507
1.58721975056481
-0.147014237114372
1.53589492694989
-0.368707448187864
0.741093889499496
0.951589416657931
0.478319466764096
1.20029330998779
1.14522073868123
1.31930818169653
1.4194678571059
~
----
@Left hand swipe right
-1.13142621752407
-1.37932326436251
-1.04984186530328
-1.18934633127297
-0.742093197590805
-0.617129275353485
0.879532910788534
-0.609966625776444
1.30454947082573
-1.12102725832042
1.44849002246472
-1.31687796934762
~
-1.13670448675988
-1.31936828321127
-1.0428601306896
-1.12797147333254
-0.739306004712687
-0.589449468223714
0.886453596074703
-0.606643703803076
1.3357270227416
-1.12483445747016
1.47941614494264
-1.31911430162066
~
-1.16301439672131
-1.3100553790246
-1.06701945771001
-1.12452056869117
-0.740204525525134
-0.571080304273681
0.892216543621702
-0.601367925022474
1.3200315891989
-1.05515028697582
1.46313937395504
-1.24986655192879
~
-1.15723263233859
-1.23904155598921
-1.07377492374211
-1.10357119713291
-0.74134910382925
-0.553922013651154
0.928666276410067
-0.597532111561841
1.33854997254686
-1.00495550034506
1.4878067158737
-1.19419223816746
~
-1.1244800208764
-1.17441528889933
-1.01534838355879
-0.996302924801056
-0.737303622267175
-0.524481565071544
0.938457792921595
-0.586424493669275
1.34436223368055
-0.998220116070362
1.51111248685523
-1.17033396607359
~
-1.10411764683679
-1.15585029754819
-1.00675133704366
-0.985659942467096
-0.736516015700498
-0.520758386034669
0.950740678175853
-0.573749432615152
1.35683935136308
-0.983321695614988
1.47268281953599
-1.06504571714271
~
-1.09186156117884
-1.14559578506296
-0.995924723080981
-0.975044562016944
-0.732578292830381
-0.514154529004596
0.955626523550148
-0.563204120490159
1.36970283623023
-0.960911214423816
1.55384045537596
-1.11112666498317
~
-1.08110448085557
-1.14392364163284
-0.986118300427205
-0.974664643740718
-0.731607277252489
-0.512074917521047
0.959204931528399
-0.556518162412278
1.37472817016956
-0.950226124867727
1.55678566738857
-1.10581879322641
~
-1.07417783974392
-1.15076891716059
-0.977890282025827
-0.981524242161297
-0.73159791361321
-0.518062243969792
0.959910285897879
-0.557861141534935
1.37594520350785
-0.948178446932201
1.55699224754802
-1.1071953778252
~
-1.0398424623867
-1.24898606356938
-0.94025332188162
-1.07953848780507
-0.731863999049158
-0.54475558892625
0.926755868432238
-0.582209671104553
1.36936468680678
-1.10805381459322
1.54633491014735
-1.2635544795233
~
-1.00269743744484
-1.44298861461136
-0.914392368775166
-1.23999689531508
-0.705474201265287
-0.631663745537978
0.866701698363673
-0.672425302126082
1.23415776859694
-1.24633674639906
1.37579978019484
-1.43748026893536
~
-0.917004732275254
-1.58970815805829
-0.852029981633713
-1.38466682234909
-0.67551384081243
-0.728924733977565
0.780687764312514
-0.762986304658748
1.04257669803751
-1.39154617536336
1.12447005134388
-1.61769342094265
~
-0.885786826008611
-1.74543808784288
-0.842469678158746
-1.49797948238643
-0.660112905069727
-0.774570082721926
0.696308057798271
-0.829941279980184
0.848807784219572
-1.43273415962305
0.895415451089866
-1.68138983113932
~
-0.899294496191615
-1.71243852733856
-0.829121128130704
-1.48278804371888
-0.66103742969188
-0.814183974192453
0.584423856008833
-0.812965936991047
0.639520066599223
-1.41639336905273
0.678734816573456
-1.65578211100018
~
-0.92077160517733
-1.52912453780461
-0.885817004815291
-1.35762722906396
-0.659667967557084
-0.757374396230836
0.507561871980002
-0.701192223800309
0.490595603205778
-1.25213143827853
0.499433422586036
-1.43599343040613
~
-0.949471498200031
-1.2794194719833
-0.928926740926628
-1.14892951622857
-0.679480374798582
-0.629119103673058
0.466047882860081
-0.596993941580418
0.37697523584459
-1.09755258010054
0.357439864586528
-1.26713573185202
~
-0.984798983289175
-0.901348945348147
-0.938408107208697
-0.8223465579505
-0.671664700876949
-0.451761045247425
0.440293490901695
-0.44756127391351
0.283083845331944
-0.724394627243225
0.269006040401422
-0.89838678822758
~
-1.02824937649099
-0.45877202639813
-0.947479185722837
-0.423675141097403
-0.663738582970184
-0.312594868177079
0.473179333911237
-0.289059003613988
0.140743429999691
-0.502203966625314
0.234136672127053
-0.457401369783816
~
-1.07698497242623
-0.0568060332222926
-1.00672132531621
-0.135501361235995
-0.774099016576496
-0.171179590701883
0.458322058833127
-0.331263473723155
0.238186605748676
-0.199035356666231
0.164808119339347
-0.154959309455878
~
-1.03801153461683
0.326008522803317
-0.974477558108029
0.225055174805326
-0.767216116414456
-3.25713885881764E-05
0.371004707658747
-0.168054221036564
0.169690133148949
0.17257553829392
0.102585271056644
0.286118809177335
~
-0.948152045118291
0.586246117438583
-0.909896848952017
0.494594914189155
-0.765924182710116
0.193013263567869
0.271956655233375
0.030219629731759
0.108290534391775
0.352854780011536
0.0118039283878014
0.526716082632408
~
-0.893065070502408
0.73951777235129
-0.881837267904443
0.662187913143097
-0.760888158280676
0.236093659501319
0.187650922016914
0.108885670315308
0.112988969124712
0.659233324918548
0.0548086840806559
0.774714946336133
~
-0.937742582096766
0.987943416379513
-0.9306589849679
0.830033858560057
-0.828670818747363
0.317384943386765
0.233435005876229
0.245057892482043
0.0729414706638913
0.82705068423475
0.00904968268246025
0.956473497278925
~
-0.83877709931187
1.08377557671396
-0.822290625961675
0.862737716955365
-0.793007279436077
0.32878910402198
0.19116249616108
0.260138342518965
0.0522654589670134
0.860236077019008
-0.00749687237053395
0.978408147332718
~
-0.797944087897467
1.13483561368599
-0.789786939377289
0.882734611043312
-0.776140247491365
0.353782157780957
0.196448060444637
0.327321055524629
0.0589949566251623
0.910593200766314
-0.00135703232086526
1.03113312818341
~
-0.798568929349329
1.37028487130495
-0.789895995581191
1.10382039417086
-0.783993782750627
0.539046468507996
0.346448780544526
0.448352452454079
0.104477443229896
1.13667483294305
0.043789579255185
1.27295949623562
~
-0.790984159447276
1.3589219878268
-0.78212955375845
1.09096393745289
-0.774180799313926
0.529133419257141
0.357569397605677
0.455449569729094
0.109624165734657
1.14059920655813
0.0507807623424241
1.27620570495387
~
-0.790406933420065
1.32313350708115
-0.779508463271912
1.0656252968641
-0.770736323258802
0.506022734146189
0.367368514843723
0.456242908836486
0.111942871741226
1.12833918327208
0.0525375489398232
1.26293418428024
~
-0.794747909041424
1.29794234602814
-0.787075990691269
1.05229434357201
-0.776751489255631
0.499711657947881
0.37615086991084
0.463251310179631
0.119668600536478
1.1300073100259
0.0586824746363338
1.26274048885316
~
-0.798961662847142
1.27694437629556
-0.791919799983193
1.0372097155511
-0.778641516368984
0.488879788724742
0.388698089806412
0.468918914781929
0.128413738938209
1.12683060002396
0.0649733150201088
1.25692257056164
~
-0.808149145178255
1.28207794782896
-0.800669016293616
1.0399598429007
-0.785200882033515
0.493499617115769
0.404166391635041
0.478225382625687
0.142146647989557
1.12749716529826
0.0722214832569758
1.26066189108175
~
-0.812184293381437
1.28705211831563
-0.804917391857326
1.04345067067484
-0.790558572236179
0.494629711477854
0.420992246609427
0.486119206189391
0.13104798279979
1.18156667398678
0.082098692451768
1.26947898501837
~
-0.872807358696588
1.53281398219915
-0.864740241626897
1.23970527648149
-0.848753668497183
0.580759479354049
0.63062109496911
0.540250288219828
0.353517780351484
1.26051640351128
0.215980278182183
1.5057432241681
~
----
@Two hands zoom in
-1.53252366463017
-1.318906423899
-1.3900357956855
-1.1743211682985
-0.941601498330975
-0.628361481646892
0.852984723231391
-0.610599619315287
1.27092347870647
-0.988551716223175
1.46217932138944
-1.11904420563746
~
-1.53115784493172
-1.31412599050947
-1.38969606236301
-1.17067803715808
-0.940824379762565
-0.624806014673127
0.85562123604166
-0.610935133469588
1.27762955594937
-0.994530351583346
1.47010529335715
-1.1237384238512
~
-1.53502015724855
-1.31665964328994
-1.39478713035576
-1.1737262546903
-0.94244074453347
-0.62467654562997
0.855479121670579
-0.612855616534209
1.29010231263294
-1.00512234549903
1.48313808219118
-1.13496223357859
~
-1.53748941524618
-1.32132334873569
-1.39688211427793
-1.17656388355279
-0.943298303394906
-0.62509684004534
0.854659436460247
-0.613564100822496
1.27558345103968
-0.99592617921665
1.46771359317034
-1.12591847924459
~
-1.53819143669352
-1.32065375393893
-1.39757813590894
-1.17698324261966
-0.944118250999719
-0.623326778796577
0.853312019493566
-0.613721237717135
1.27752180121734
-1.00025296992732
1.47023877312463
-1.13009748112594
~
-1.53659734297598
-1.32111130499861
-1.39421793921046
-1.17645921726424
-0.944292365850125
-0.623350817181173
0.852246172002712
-0.614226553285374
1.28262310410266
-1.01288976071552
1.47512664048972
-1.14269151448188
~
-1.52606407472506
-1.33703800934194
-1.39006649686073
-1.19453270783719
-0.940509387323612
-0.626593938982579
0.848136004207594
-0.618253870160673
1.26799331475294
-1.03166864610378
1.4649480614063
-1.15304315308464
~
-1.49617697293585
-1.39906971191813
-1.36504896375473
-1.23899862080841
-0.920979969188961
-0.644491139823691
0.843334815548183
-0.639859731331552
1.28487911783306
-1.0974523905919
1.4661213067405
-1.23653577455508
~
-1.4160604199211
-1.51658487214503
-1.27217604778218
-1.31775185795924
-0.874790588371208
-0.685485417833504
0.820376202103373
-0.688119267525944
1.24579686321359
-1.21839117311371
1.42607896984918
-1.37292207402634
~
-1.20936719833121
-1.69405294946574
-1.12421214427456
-1.45459008164058
-0.801332585796501
-0.747811022902166
0.778427890336543
-0.741012445726076
1.15264890236904
-1.32598419339919
1.31768384333946
-1.51102819048239
~
-1.08936122717267
-1.73768154024025
-1.03808393647581
-1.53088582451552
-0.75209987835627
-0.788664836695072
0.722556565798549
-0.792950844200489
1.06665033717286
-1.44821898828348
1.18893890096305
-1.64009988854807
~
-1.0045522488655
-1.69526860786039
-0.973070098459054
-1.50567379261987
-0.72203313145035
-0.808347856543188
0.704484133405048
-0.79465026032434
1.02305211013828
-1.49088231538609
1.10998572092818
-1.72402609053461
~
-0.961565824690937
-1.61919699390887
-0.985118893029047
-1.4301965226446
-0.71850776169389
-0.771845875459336
0.711754993591134
-0.788980683979679
1.04839895495137
-1.42418756935784
1.15610202420981
-1.61459100127181
~
-1.07212951972107
-1.3542818824131
-1.02639614098949
-1.19936040569541
-0.7531862006932
-0.657867021686928
0.762760877543541
-0.756450724992219
1.14325225638162
-1.25083788992973
1.25314744245783
-1.42460167912394
~
-1.08178556004442
-0.987275381090461
-1.03579240195947
-0.847298849258943
-0.749828991582543
-0.506249541863835
0.828462414639399
-0.654688424330948
1.21477112661776
-0.955465131734833
1.34368191657371
-1.10919002009714
~
-1.09555951469024
-0.497196898201292
-1.03358724697739
-0.503399295878613
-0.712271483942905
-0.36596771875789
0.867531234543707
-0.500532913435673
1.28029082688806
-0.66297814118171
1.41162594049705
-0.690682571669162
~
-1.12026398977013
-0.100128838478056
-1.03247706042518
-0.136217170573264
-0.77461851290957
-0.193078834497265
0.820027815732009
-0.35577035357073
1.29341928741557
-0.292250977748139
1.43809403458249
-0.269282546216171
~
-1.13674873431351
0.292775913351981
-1.03878010729316
0.176732387891482
-0.843226338010154
-0.0551099444057876
0.860002368524343
-0.264038853776205
1.29702054414398
0.0151466815299325
1.46781947180924
0.135893907812469
~
-1.09656984643472
0.523941111752413
-1.03301455660903
0.36568651724917
-0.854010236660235
0.0610227748454318
0.92730135823058
-0.122397445755528
1.35958886158503
0.320746654434722
1.49258990859872
0.455682780821718
~
-1.11867157581514
0.777750844525479
-1.0727721369299
0.627811474197928
-0.89276712837436
0.139517729982143
0.98330591729198
0.0261135565271375
1.41135682024173
0.551811276064603
1.50060760131837
0.671258132170477
~
-1.1273832905869
0.940013125746868
-1.10375995510139
0.860312307192679
-0.924948566971733
0.240726539123263
1.01539213070425
0.110591799795964
1.41703198769684
0.704804383019069
1.49180851974466
0.811173900870419
~
-1.13130220410657
1.00933185768423
-1.1042478121149
0.883009312354352
-0.920785299474183
0.266246729642488
1.02091760051429
0.164691341139614
1.36415029945937
0.732300872349592
1.47841871742708
0.917676832754248
~
-1.15441159723908
1.12557215347609
-1.12204448128575
0.954563178800578
-0.938614440107941
0.347367346193583
1.00537949260578
0.177926784095509
1.41535975512211
0.875854375661894
1.46656977288662
0.957497052057338
~
-1.1603961610477
1.14421886697655
-1.13090804680659
0.977517442401609
-0.940802465119093
0.361839524136127
1.01169372687303
0.202271760674851
1.40011146988699
0.874741131575931
1.45047580792383
0.962028591612777
~
-1.16840997052784
1.13240256787836
-1.13916133893337
0.980922225689238
-0.961107051818914
0.345147918022677
1.0052559214416
0.198215517825023
1.40543005480672
0.874086721801555
1.44929643887228
0.962313883413162
~
-1.17961315846588
1.11008814171313
-1.14536291982324
0.976289795740974
-0.961050300795338
0.339006295647364
1.00868896173331
0.19606318688975
1.41760063795981
0.863373359407756
1.450955327331
0.955742919899331
~
-1.18619797038636
1.0534131105005
-1.14913205335272
0.905177479794827
-0.94940038659356
0.315819681788809
1.01431924361899
0.193616381393015
1.41796726150836
0.856271570200915
1.46081490625758
0.941125257187675
~
-1.18874790558308
1.02682609511117
-1.1503676523025
0.893005301817276
-0.944384554747948
0.299391777624398
1.01472804804483
0.188118567253894
1.43373202157168
0.833682296253607
1.46891359362492
0.925521770945214
~
-1.19207845245978
1.0081431758653
-1.15260956791812
0.881577057129493
-0.938884364231172
0.286037836557065
1.01657078796397
0.185857849662856
1.43295382995393
0.832808083692886
1.47188949127929
0.919104219913313
~
-1.19324999652081
1.00335121648535
-1.15341778676404
0.86365567228055
-0.938426252473031
0.284911369198987
1.01741592384443
0.182169859137187
1.43325552962731
0.838143262638169
1.47279409052486
0.914250595903624
~
-1.19317207646099
0.996566122006151
-1.15319869218621
0.856191702977296
-0.937668061317303
0.280790773756412
1.01366318291471
0.173186212740056
1.43027302545307
0.827205156333769
1.47370359503742
0.908099777179449
~
-1.19306968240535
0.992409342854845
-1.15382990534436
0.854575402517661
-0.937043910727218
0.279315809316618
1.01411126945716
0.171854927389037
1.42987714285455
0.828201883899399
1.47381591789731
0.90489871310182
~
-1.19297301337642
0.983815466414496
-1.15421872939802
0.850855537417126
-0.93539247794279
0.274633899938553
1.01294538688718
0.167789448708513
1.35601256420459
0.692044377942285
1.47477137902526
0.901095702156012
~
----