@Right hand swipe left
-1.6898391459632
-1.24119278394324
-1.51862372275012
-1.02575026956978
-1.07004650084421
-0.544048361545706
0.635315420763795
-0.802872442728611
0.796611441124808
-1.48932709167628
0.804118247839856
-1.75067400045122
~
-1.69381992694567
-1.24117182589424
-1.52100881267098
-1.02658701079205
-1.07155359799068
-0.545339413341473
0.634277187337065
-0.80143799957832
0.794157825901226
-1.48675057902
0.802847975343442
-1.74835035583702
~
-1.69515956761586
-1.23775934299591
-1.52173323836517
-1.02352008657698
-1.07085528904852
-0.544039664635368
0.633741452343538
-0.801401439995564
0.79360325617521
-1.48554806918719
0.801796187782239
-1.74592216164051
~
-1.69771516982723
-1.23762343807295
-1.52384102899214
-1.02339406788244
-1.0716175255795
-0.544668044768181
0.635137684647103
-0.803029731229701
0.793840700381167
-1.48892879765444
0.801806073128112
-1.74798090208714
~
-1.6993502979427
-1.23662710654504
-1.52414901235418
-1.02270454359755
-1.07174454413641
-0.54439553253118
0.635179475386086
-0.803709715687563
0.792440338644947
-1.48768696230557
0.800648728883397
-1.74701871753964
~
-1.70008248167959
-1.23431344554027
-1.52563705378444
-1.01958828748387
-1.07148815393009
-0.543121161459392
0.635930107953286
-0.814297091803819
0.791068844956901
-1.48791421078398
0.798226145152877
-1.74804252510829
~
-1.70193631509963
-1.2351374048602
-1.5266554255002
-1.02081226661165
-1.07234272267502
-0.544107619413435
0.634984715518134
-0.81270768759255
0.790364354575363
-1.48889042129761
0.79703141150484
-1.74965577908523
~
-1.7046842690654
-1.23398469865941
-1.52791244410939
-1.02070362260017
-1.07339734190449
-0.543749537799992
0.634836896072086
-0.811115770140066
0.789688479178658
-1.48559184492794
0.796424749900883
-1.7498658811206
~
-1.70561151769408
-1.23268192140355
-1.53083475223667
-1.01815192393095
-1.07386126409249
-0.543312533351504
0.634517315385663
-0.810133394741953
0.789325488896308
-1.48732092203141
0.796254283507215
-1.74971908782483
~
-1.70761320536375
-1.23168578387926
-1.53241735264473
-1.01769471894826
-1.07456487991183
-0.543175362401454
0.635489848920975
-0.815206368753693
0.790111934050005
-1.48788943529536
0.797057257304387
-1.75075112991296
~
-1.71138597360079
-1.23217094908674
-1.53625682217025
-1.01774519223008
-1.0763449387177
-0.543638897599971
0.635594191877771
-0.819022720638169
0.791590229919986
-1.49171016399692
0.798260919353128
-1.75563137093926
~
-1.71354333029223
-1.23338657410472
-1.53826234857482
-1.0186652463569
-1.07741230186129
-0.544389837354056
0.635324726430189
-0.816139829173799
0.792479124687651
-1.49367993702995
0.799446062533578
-1.75793367356004
~
-1.71468512333734
-1.23014559648222
-1.53809316895721
-1.016568498371
-1.0762703162701
-0.542064403024723
0.636295846945032
-0.816784259396336
0.793030769279458
-1.49746799411655
0.800781492548824
-1.75847597300166
~
-1.71555608946002
-1.22761888554955
-1.53961637283594
-1.01338456955463
-1.07789399737706
-0.538905208733921
0.634893297688719
-0.813140898979954
0.790257758707146
-1.49396909234859
0.798846316440062
-1.75546096224393
~
-1.71484558674609
-1.22571530608834
-1.5386831089078
-1.01109327247824
-1.07735201106642
-0.53623716966664
0.633988704756224
-0.811733366757224
0.788383104473658
-1.49695685493709
0.798011291151208
-1.75507474862345
~
-1.71645602596257
-1.22866391051531
-1.54055667575823
-1.01320736900446
-1.07876774211076
-0.537997027822545
0.634370971864963
-0.81328983408693
0.788560115120962
-1.49780285616562
0.796000028923379
-1.76248902803419
~
-1.71467048944829
-1.22811191265003
-1.53912156069682
-1.0124283077671
-1.078373627649
-0.537150011502815
0.633459496731205
-0.811773724127519
0.786761752233016
-1.49894686258183
0.793458189791191
-1.76245527206904
~
-1.71688951514163
-1.23191361324546
-1.5409435641811
-1.01581317671395
-1.07961309326512
-0.539786022290737
0.634880451440247
-0.813047736679672
0.787278439637754
-1.49997872561197
0.794640270096364
-1.76553054717783
~
-1.7170127467987
-1.23475676306932
-1.54157236568574
-1.01802393958168
-1.08013368436105
-0.541547416515515
0.635845805410339
-0.813232907859705
0.787050084225705
-1.49794531028375
0.795921694428161
-1.76819983456941
~
-1.71700875372959
-1.23557682966163
-1.54170956918997
-1.01895152876809
-1.08014818882466
-0.542368836477155
0.63609680168059
-0.813515384891942
0.787897617642739
-1.49911556194412
0.796160581166157
-1.76809544306295
~
-1.71801043228262
-1.23709451802715
-1.5419605850111
-1.02086919830884
-1.08097214930754
-0.543200688456168
0.636389739509947
-0.813725595165719
0.788877806912616
-1.50283465902746
0.79775943687361
-1.76793161642599
~
-1.71920087975404
-1.23887562819156
-1.54325130796543
-1.02239560060619
-1.08202655504865
-0.54450132975621
0.636798677957331
-0.813674916096837
0.789661891214558
-1.50662343939215
0.79819249348427
-1.76909815283141
~
-1.72036268508653
-1.24056437341479
-1.54251210612925
-1.02440621726756
-1.0824571308895
-0.544574062243093
0.636921010094954
-0.815286311088497
0.790340886529976
-1.50753115652507
0.800246134311374
-1.7660928447667
~
-1.71978847831794
-1.24065574636037
-1.54245852084504
-1.02440414018126
-1.0827382472693
-0.544592253950535
0.635935940102741
-0.812536638355198
0.789472307928758
-1.50436564566343
0.800531926046774
-1.76439133918742
~
-1.71946485209361
-1.24074480922938
-1.54255197946366
-1.02415841885032
-1.08286383399282
-0.544267885605428
0.635999848443631
-0.812286702741522
0.789408948448696
-1.5032959755447
0.800790830699924
-1.76299678009078
~
-1.719518177298
-1.24131052842277
-1.54297878563644
-1.02410483941333
-1.08278984384452
-0.544928938421301
0.635211582688362
-0.810854557580394
0.788741639397928
-1.50198864611031
0.799642087051614
-1.76263859483245
~
-1.71999268525242
-1.24263882402791
-1.54328257772109
-1.02495583864245
-1.08311781660784
-0.545658541928126
0.635224797564363
-0.811728960185267
0.787615509113076
-1.49838459126649
0.799265716036641
-1.76383414718015
~
-1.72067528454481
-1.24438051381942
-1.54358205804089
-1.0265207213009
-1.08378470201097
-0.546787877243136
0.63522330422165
-0.81185738837734
0.78843955882354
-1.50009189926511
0.79993753812484
-1.76264597233561
~
-1.72072517987726
-1.24405778943515
-1.54317088891312
-1.02610284526543
-1.0835483437241
-0.546350950926612
0.635041952737439
-0.811383181638076
0.789650259921377
-1.50012453209115
0.798750618588731
-1.76302035491855
~
-1.72049976993395
-1.24405813287261
-1.54050516223439
-1.02770487149732
-1.08322620604996
-0.545927253320231
0.634723765617643
-0.811327139157936
0.789185163221895
-1.49992312716455
0.798510348465523
-1.76175867814509
~
-1.71874040695881
-1.24300281897749
-1.53965900011454
-1.0263032808308
-1.08192585018963
-0.545574834354377
0.634471853613134
-0.811609131873232
0.789454153488259
-1.49913358738351
0.798374960396734
-1.75986033415714
~
-1.71776849649938
-1.24290363434063
-1.5392605874546
-1.02572190954356
-1.0814962525729
-0.545140084250222
0.634367682592963
-0.811785027762597
0.789168549386072
-1.49700630428216
0.798069215914933
-1.75814445141054
~
-1.7178616655579
-1.24237092938942
-1.53903506223971
-1.02525134235289
-1.08102496538352
-0.545144017488387
0.633890975891297
-0.811674876135555
0.788644870490822
-1.49813522574532
0.797635442240877
-1.75727555088552
~
----
@Right hand swipe right
-1.38238938567032
-1.34576283123274
-1.27988807183065
-1.19289300344465
-0.951036776082139
-0.629192156052111
0.611010294271581
-0.83974065827981
0.733364016777205
-1.48368515512716
0.756418080564111
-1.75223880498145
~
-1.38602478781177
-1.35389005140524
-1.27780186954074
-1.19448935971475
-0.950300715926071
-0.63049828759478
0.610660115058008
-0.838117313072986
0.733391707843781
-1.48148035753164
0.752496325970906
-1.74949165036146
~
-1.38197536543272
-1.35082211446193
-1.27745343355313
-1.19371795582639
-0.949437546129649
-0.630425743957504
0.610064521819871
-0.837091515723709
0.732399019247125
-1.48017610756271
0.751791752102068
-1.74815883859525
~
-1.38065737141242
-1.34852427514764
-1.27597303633701
-1.19093548816654
-0.948019296330102
-0.628585296941
0.608097228932265
-0.835256806956095
0.729803284471223
-1.4774893329629
0.7493075760162
-1.74508130859808
~
-1.37856915845806
-1.34626935027241
-1.27763101696848
-1.1941322617167
-0.949335581496708
-0.630447923409121
0.609839476140922
-0.837898548710059
0.728484641436126
-1.48187858918495
0.749936951418183
-1.75085190735015
~
-1.3804785392947
-1.34804595544478
-1.27610784859941
-1.19199877525831
-0.948777846855666
-0.627989003972875
0.609123406768478
-0.836113219890112
0.727528410204687
-1.47969924060274
0.745959340317796
-1.74865456719909
~
-1.3811891575105
-1.3495013859991
-1.27801617591261
-1.19804940324974
-0.950341500031383
-0.632335929837293
0.610685961952649
-0.838110238024789
0.728553257375729
-1.48342125323164
0.745436798487557
-1.75336996478137
~
-1.38263566883217
-1.35262649194813
-1.27742386259063
-1.20194334083284
-0.951096346962106
-0.634377468110937
0.612085943162717
-0.840739884200185
0.731591061395394
-1.48670744018195
0.746832979198462
-1.75724049536329
~
-1.38153714015787
-1.35212354983488
-1.27791747453182
-1.20204397494815
-0.950540308394066
-0.634712184281872
0.611911164959965
-0.838976864074408
0.72946043910346
-1.48544452745591
0.746845332638918
-1.75619582621296
~
-1.38171319961299
-1.35086477396096
-1.27788217043976
-1.20108192712479
-0.950495322777383
-0.633731742637081
0.611536859261544
-0.8377764058753
0.731166620217485
-1.48387155614346
0.745681134472297
-1.75450360557765
~
-1.38344760736098
-1.35266591079277
-1.27983584736213
-1.20334633753275
-0.950963622514301
-0.63514405328978
0.61350236781633
-0.840044428059113
0.734728317838713
-1.48728242603977
0.746559879892872
-1.7586871019831
~
-1.38373802341844
-1.35323437995088
-1.27976089602259
-1.20143294973942
-0.950212666894894
-0.633428371788886
0.613529494814461
-0.84114488283876
0.737052885353843
-1.48801385763396
0.746029361367602
-1.75938184133724
~
-1.38082566094122
-1.3495092373238
-1.28203951699403
-1.20534188228525
-0.95120676066244
-0.636495425563072
0.615444837796923
-0.845235308921316
0.7396414293711
-1.49339497675758
0.748883415595844
-1.76519549146095
~
-1.3849846097901
-1.35327981695129
-1.28056959103484
-1.20198484435603
-0.950744919164191
-0.633140028797924
0.614730739540623
-0.842792388536825
0.73954002791106
-1.49015822147047
0.747494141162217
-1.76292588745715
~
-1.3829515740065
-1.35286667331737
-1.28169448249697
-1.20415960927734
-0.951030720380184
-0.635412913221899
0.615005211461013
-0.844259152332458
0.73736664162051
-1.49246352692512
0.749495641668625
-1.7654835776699
~
-1.38354531777193
-1.35325555857013
-1.28573084678139
-1.20956713699132
-0.952517489387596
-0.639989698058894
0.618166666946303
-0.848512149594609
0.73769283396521
-1.49936641663607
0.753901654916715
-1.77314705737164
~
-1.38524742301094
-1.35649878910636
-1.28835339842925
-1.21278448163523
-0.953600889763145
-0.642385176807868
0.619720277545201
-0.850998696165578
0.739300076740656
-1.50324911969753
0.757661367015498
-1.77722436167605
~
-1.38467081071324
-1.3538501344978
-1.28715697265397
-1.20913509290396
-0.953435038723041
-0.63957043410002
0.617482272548638
-0.848852505717375
0.737738193538113
-1.49981974490924
0.755727766275899
-1.77301585449811
~
-1.38450138135934
-1.35398778230412
-1.28725840368639
-1.20969581371657
-0.953662390931545
-0.640032967757436
0.617116886432434
-0.848872014448724
0.739694418479681
-1.4995526550171
0.753986686327448
-1.77236548027639
~
-1.38437847326242
-1.35275120619713
-1.28731529938791
-1.20722643165078
-0.953012897537631
-0.639710665656677
0.61463819780064
-0.846556816034342
0.735474758584194
-1.4961182943488
0.751146453177536
-1.76842868569422
~
-1.38296111993906
-1.35029321616875
-1.2882583740343
-1.20465624180033
-0.952491063540299
-0.638365209469981
0.614506469203814
-0.844516097018194
0.731197380391375
-1.49449015100969
0.751681312797621
-1.76821273573773
~
-1.39586953786848
-1.36584706283062
-1.28792263908712
-1.20254279837721
-0.953046422676627
-0.63610685567109
0.613722375959137
-0.842667947625241
0.731420807693694
-1.49196356698322
0.749626982318155
-1.76649104953982
~
-1.39847692946378
-1.36631950462769
-1.2892996171597
-1.20198193563143
-0.954271256272661
-0.634883487253582
0.614283094076869
-0.842624972023318
0.730827831359913
-1.49284937208469
0.751838531633774
-1.76742842805346
~
-1.40054030806869
-1.36838935245645
-1.28832894404897
-1.19940523280424
-0.953043298776832
-0.632845323435337
0.614382514791037
-0.841522200449021
0.732737900353935
-1.49123975428236
0.751994288879285
-1.76652058999799
~
-1.40341220632525
-1.36898568816576
-1.29033654858046
-1.20242177190489
-0.954161743063275
-0.634688841204145
0.61684145661942
-0.84506226416591
0.73822866915484
-1.49574191431626
0.754165941119619
-1.77165561893302
~
-1.40345116596149
-1.367867912546
-1.29035606227128
-1.20216692309754
-0.954162282097376
-0.634814787385689
0.617007948521592
-0.845083198873536
0.735484049005405
-1.49596413818644
0.753118423753394
-1.77139666074819
~
-1.40322964946966
-1.36736260112808
-1.28865796415805
-1.19932333089741
-0.954213068314935
-0.632060749393621
0.615554954916278
-0.842516594850049
0.732327609455687
-1.49263574015848
0.750904395718767
-1.76835165718058
~
-1.4004650488004
-1.36641224054157
-1.28944551700301
-1.2020767216157
-0.954539123939682
-0.634081792810985
0.61661272257604
-0.844765893641754
0.732807743264626
-1.49604996691739
0.75239560658221
-1.77153968764041
~
-1.39904769823764
-1.36356160061894
-1.28996292963041
-1.20390379923717
-0.954703904478402
-0.635257456030226
0.618172073058496
-0.846256210812503
0.733550915463049
-1.49844350401171
0.754332470688332
-1.77396443134688
~
-1.40188816002316
-1.36645994703989
-1.28897796479542
-1.20140389068775
-0.954173240173046
-0.632947103942537
0.617992463609484
-0.845469478100715
0.732855161341169
-1.4972612342989
0.755527525893376
-1.77314402884483
~
-1.40458864563506
-1.3685574476167
-1.28979986670772
-1.20144593396258
-0.955488044378376
-0.632712391527721
0.618275704040677
-0.84545317812522
0.733059380834748
-1.49725240405991
0.756224274279861
-1.77348977626737
~
-1.4061112477762
-1.36596715016059
-1.28937019935387
-1.20038768565926
-0.955788240466307
-0.631615708334042
0.617726409502996
-0.844701249031553
0.732320298979749
-1.49615622469123
0.75643751176848
-1.77234799204731
~
-1.40340855904906
-1.35952445325707
-1.28861526795896
-1.19824936240237
-0.955033164828619
-0.630279414012633
0.61674042052706
-0.842415201698227
0.733496471324273
-1.49267591974089
0.754469365812383
-1.76843820697679
~
----
@Left hand swipe left
-1.40204406236687
-1.34479133902215
-1.33171918245638
-1.16106167476312
-1.0031782525834
-0.531551390795757
0.619433830091587
-1.05340395242362
0.693543163465242
-1.88653319726762
0.715012775246707
-2.14250111167672
~
-1.40251363003694
-1.34410174105548
-1.33265810963887
-1.16006807338439
-1.00374917955526
-0.528222995729667
0.620507745379262
-1.05465169288818
0.692360496561823
-1.8940277128502
0.712351970840639
-2.14926473757422
~
-1.40242490181488
-1.34508577346274
-1.33289284719637
-1.16109652131533
-1.00402426030101
-0.529060623612108
0.618724356247609
-1.05370857979443
0.691657735328903
-1.88612722192085
0.73071111811406
-2.16050626794646
~
-1.40072540860821
-1.34310492012101
-1.33141948372434
-1.15914500642067
-1.00198740039624
-0.526016852928409
0.616528291855123
-1.05286010943035
0.690016888127226
-1.88206720026405
0.708716596628261
-2.13610390962333
~
-1.39793560615948
-1.34020888610462
-1.32886312256065
-1.15638326236057
-1.00229437820777
-0.524668300345286
0.615877351280071
-1.05197918754008
0.688927517760102
-1.88053919582339
0.707791704420263
-2.13266468744955
~
-1.39763317351324
-1.34051326180776
-1.32939512419543
-1.1565598668087
-1.00232382706708
-0.524176452888857
0.615235715241479
-1.05048402773218
0.688718864653258
-1.8802613660949
0.706201165256
-2.13110730488924
~
-1.39886673883393
-1.34158255713534
-1.33081730692574
-1.15698550048799
-1.00245230163007
-0.523324142044663
0.617153305845075
-1.05099507527423
0.689005892410794
-1.87766100046045
0.705701920204202
-2.12774631406456
~
-1.39687344275188
-1.33836725250425
-1.32896169309804
-1.1541101989135
-1.0017460343149
-0.522548521448952
0.614954772159091
-1.05264491099944
0.686301787284396
-1.87597000011394
0.713381684522671
-2.12780221165676
~
-1.39606604261242
-1.33782422835622
-1.32837774569289
-1.15345629609465
-1.00287202425242
-0.522597430240367
0.61366672355987
-1.05246787865194
0.686376414836504
-1.87552493851884
0.713334511811306
-2.12631378613685
~
-1.39751907513186
-1.33848552237923
-1.3294997203099
-1.15362697089894
-1.00464326810764
-0.52218886770223
0.615064282967578
-1.05104428044562
0.688994278367834
-1.87588663486802
0.714570592084405
-2.12297853158252
~
-1.40041962197298
-1.34353533294151
-1.33248960379446
-1.1577482517139
-1.00602879912873
-0.525140304716492
0.613469948855302
-1.0596990186393
0.687756928551867
-1.88534239716175
0.712423818173952
-2.13697533918774
~
-1.40211820478544
-1.34655288839995
-1.3333251189507
-1.16047577775359
-1.00443367566145
-0.523823025328145
0.614619292251922
-1.06004608824264
0.688175900778691
-1.88627269541856
0.711126287017469
-2.13675210708484
~
-1.40259686085753
-1.34716865559089
-1.33336744542583
-1.16113591092472
-1.00373435600429
-0.523215430770467
0.614982140326011
-1.05946355608821
0.687748610715403
-1.88571804795309
0.717677038146507
-2.13568848667287
~
-1.40354425850962
-1.34883248576652
-1.33410825630315
-1.16272604843025
-1.00427627759584
-0.524465880674905
0.614337546964584
-1.05371535859612
0.688203828619892
-1.88036888037097
0.710357270319411
-2.12455066842278
~
-1.4045462182017
-1.3504816465706
-1.33494082449808
-1.16432191487068
-1.0049424159728
-0.525899804888198
0.615289745070567
-1.05886082525387
0.688597190513645
-1.88583841944643
0.711432649765018
-2.13585875784473
~
-1.40529355752645
-1.35204360650459
-1.33581048799526
-1.1657432435504
-1.00561989398676
-0.526953283566774
0.616398712185679
-1.06071578494209
0.690694289348542
-1.88810316941657
0.71660699852022
-2.13861672283674
~
-1.40610202905375
-1.35349359189396
-1.33683247025068
-1.16694005181733
-1.00551181390567
-0.528400040757288
0.616411662208979
-1.06089890470692
0.690958690959889
-1.88837309218033
0.721936695017144
-2.13824332797887
~
-1.40760703182807
-1.35578982650051
-1.33887328331667
-1.16883206464712
-1.00639081326715
-0.529895738857
0.616460850397844
-1.06244099058466
0.691461300261939
-1.89030186617866
0.724573528073197
-2.14155991239482
~
-1.40852389421671
-1.35649896963117
-1.33960864995636
-1.16952045305975
-1.00824681806111
-0.531868917344764
0.61649444317111
-1.0635796722673
0.691533356619861
-1.89172193519208
0.736551140560843
-2.14140103534479
~
-1.41010519799848
-1.35844784621535
-1.34097650002316
-1.17138893107266
-1.0114552344571
-0.536163652150192
0.614125171715999
-1.06657358403266
0.692927065756288
-1.89477618641314
0.739657912216753
-2.14307938522557
~
-1.41060652754457
-1.36141579376179
-1.34182691951967
-1.1742666347593
-1.01127271268355
-0.537990358616075
0.614654807121791
-1.0656051895709
0.693730604379822
-1.89475441871554
0.740213798159149
-2.14174136629951
~
-1.41078076460936
-1.36278981043635
-1.34249827243627
-1.17565405603644
-1.01188090295841
-0.538846479851165
0.615503856107794
-1.06578373105436
0.69577858726774
-1.89559932487746
0.739413129432278
-2.15215331832424
~
-1.41124904449194
-1.36324120153776
-1.3425677394153
-1.17599470764749
-1.01156065698078
-0.538251854247577
0.619090042987745
-1.06205640210257
0.695824549572964
-1.8927595470517
0.737072012154647
-2.14273719501587
~
-1.4116585391138
-1.36311065914132
-1.34286321620824
-1.1760324404388
-1.01147629408224
-0.53740036592721
0.618958833201191
-1.06312259095124
0.695651445463408
-1.89408761569506
0.737949034747979
-2.14702750623538
~
-1.41390940226562
-1.36555191569397
-1.34535740921642
-1.17785047018485
-1.01289608133055
-0.537233970799038
0.621998287107883
-1.059851808
0.698428159112382
-1.89306016603934
0.7461113022973
-2.17757624299592
~
-1.41657938267278
-1.36837237984203
-1.34797627468174
-1.18034704245571
-1.01342022960729
-0.537126721958948
0.62213188033556
-1.06057778776031
0.700212991304889
-1.89513335287101
0.745292386774285
-2.17247463373484
~
-1.41420025658536
-1.36406580517002
-1.34615958157447
-1.17710504675187
-1.01335349034835
-0.53612843847753
0.619484773982788
-1.05774007336038
0.699362477747785
-1.89799199926853
0.746029233234961
-2.18326142315565
~
-1.41540040047813
-1.36523827756972
-1.34780871601461
-1.17834079445691
-1.0146629141358
-0.538728477120873
0.619964276672078
-1.06138003707554
0.69935669538265
-1.90040541333793
0.743661081825476
-2.15756345644021
~
-1.41620835387386
-1.36446704453745
-1.34832839512122
-1.1772718924633
-1.01457431981254
-0.536304588459325
0.622010161181907
-1.06066122089654
0.702297142775939
-1.90186211196894
0.745370643727097
-2.17242096412881
~
-1.41638339127485
-1.36542865222741
-1.3484973169813
-1.17844865076955
-1.01506363948009
-0.537538930310505
0.620542449256283
-1.06348163429157
0.701247555791502
-1.90382817372072
0.746220222499548
-2.17443311676488
~
-1.41752866935432
-1.36660230728846
-1.34944359542513
-1.17967584875312
-1.0150306010557
-0.538965134602612
0.621565871829488
-1.06677339117643
0.701792593996773
-1.90425218247583
0.742257164394057
-2.16206334333668
~
-1.4180930897384
-1.3674043495508
-1.34943712476617
-1.18053903511163
-1.01537328471306
-0.540003239034412
0.62217941538526
-1.06903300190864
0.701966107727957
-1.90793356965997
0.738343144828605
-2.16236851308898
~
-1.4164719839389
-1.36772824679088
-1.34863935944403
-1.18106442935841
-1.0150143666876
-0.541176988039067
0.62169728138616
-1.06371964537699
0.7005459998154
-1.90758505575591
0.732995195153781
-2.16129864818792
~
----
@Left hand swipe right
-1.41596509685298
-1.6016944777575
-1.25840296697634
-1.39507975570737
-0.841280108085036
-0.737559306702486
0.64851404748464
-0.792382712688314
0.616642557861003
-1.48805380686972
0.604913296369257
-1.68022346842797
~
-1.42165082651566
-1.59361409237182
-1.26479866159919
-1.38935406594484
-0.844453141972928
-0.736646495776661
0.647684866825917
-0.798016976362743
0.61590144138458
-1.49405340707741
0.603853521352312
-1.68227770243105
~
-1.45393317998695
-1.60261426592893
-1.29713179488658
-1.40341717795366
-0.851630435480603
-0.735374656980311
0.647332065742247
-0.78859699121524
0.615799996394071
-1.48521869285075
0.603105310406464
-1.68374983831067
~
-1.46056579636209
-1.57686205355725
-1.30416892244011
-1.39631271389403
-0.856557226807
-0.73003617407868
0.646493719821974
-0.787073935723074
0.614622274698377
-1.48322806877699
0.601614982914864
-1.68156652120527
~
-1.46663519765788
-1.5710395511827
-1.31917029036925
-1.39810477633067
-0.862662408908663
-0.727888348952179
0.645546310667679
-0.787622523274389
0.614063957701908
-1.48367115146369
0.600708680090019
-1.68225831033397
~
-1.494576706333
-1.58230244996284
-1.33236215139206
-1.39435363110275
-0.87483309298991
-0.726284418999895
0.646047717732183
-0.786947119426928
0.615187205812053
-1.4840509315571
0.610954442961507
-1.6845569903031
~
-1.49836246685191
-1.55553265019055
-1.33985615363166
-1.3747910357438
-0.880765876727683
-0.723751721774069
0.646275708568118
-0.787175595635831
0.616577518756936
-1.4840438560384
0.608686549807475
-1.68227702993321
~
-1.49933760924223
-1.54365121362546
-1.34816385381054
-1.36804990059064
-0.881776985984251
-0.719381788774166
0.646203262655719
-0.786379110670055
0.617412017691806
-1.48268286674083
0.609842379529506
-1.68253317955656
~
-1.52476216489152
-1.56520897220468
-1.3570519616393
-1.3665453008609
-0.884297476126541
-0.716450832542078
0.650045602074213
-0.797790068803996
0.617042977362562
-1.49336143826553
0.608205360556333
-1.68203598261726
~
-1.51537396957385
-1.54028153310924
-1.35869967710784
-1.36363827154265
-0.887928927418904
-0.717630475602781
0.649218324078743
-0.796712609187931
0.617300130968514
-1.49146759999354
0.608295612032272
-1.68088825532281
~
-1.51187882019466
-1.53321631717295
-1.36021061052058
-1.3607332124096
-0.887142515382225
-0.715151741119323
0.648933547077719
-0.792802273420871
0.618121309684407
-1.48746519756328
0.608398427970183
-1.68040599503059
~
-1.50960573492471
-1.53066172130936
-1.35968560757301
-1.35938024904927
-0.887261471966761
-0.714686434905302
0.647964403489641
-0.792302866942183
0.618461060598802
-1.48640593898687
0.610238184066813
-1.68095758592263
~
-1.5081434149613
-1.5280895383503
-1.36014628869898
-1.35706121457638
-0.888477509064659
-0.715231593035536
0.648223115429945
-0.791406055476347
0.618705325372567
-1.48499037620156
0.6098282893176
-1.68054264163599
~
-1.50770982060073
-1.52589187970968
-1.36058714156864
-1.35609273753842
-0.889765611997855
-0.714799795831332
0.647785267203552
-0.793164377765721
0.618778245923735
-1.48605432674764
0.610277470787941
-1.67873920195598
~
-1.51184175117835
-1.52328613443436
-1.36202298573047
-1.35616842635079
-0.888745020298238
-0.708981231656938
0.650283435002439
-0.798634330752564
0.619465966492242
-1.49073898240485
0.610567577464721
-1.67891540652697
~
-1.51154443970227
-1.52010892044183
-1.3620632725621
-1.35384127727293
-0.888634122617743
-0.709071986603335
0.649894826102671
-0.798864513854094
0.619649217324159
-1.49043718292512
0.612501041672178
-1.67860513907964
~
-1.51174574674129
-1.52140145084841
-1.36243064055815
-1.35445329581971
-0.891616972834873
-0.709564719890813
0.648791605389762
-0.794726989649148
0.621287354567932
-1.48668637696211
0.618803010440615
-1.68377700784967
~
-1.52965714040611
-1.53282423705696
-1.36498437214448
-1.35208620373619
-0.906087897061704
-0.713295942038918
0.647909355007137
-0.793945601964691
0.620291212599843
-1.48551868798156
0.616724394588479
-1.68207305408051
~
-1.53221877724245
-1.52790440511871
-1.37023468226845
-1.35251572495645
-0.911636802058709
-0.713111794197206
0.64706752614447
-0.793794913782452
0.619671841861061
-1.48485631011013
0.616580986193248
-1.68082438536817
~
-1.53626360583202
-1.52500151897476
-1.37454642673781
-1.35061931495239
-0.911264334846661
-0.710425836447298
0.646367934974671
-0.793363760584694
0.619851557341003
-1.48439947587953
0.618323125295026
-1.68124971220362
~
-1.53853371230956
-1.52268025824613
-1.37680716196383
-1.34962924259096
-0.915541155967249
-0.710330044442318
0.645605557574212
-0.793406713093287
0.619335469961287
-1.48433832632787
0.614107445738732
-1.68229210752955
~
-1.53606219307268
-1.51338089961341
-1.37630503955835
-1.34149423149178
-0.914763140272615
-0.706470289224769
0.642888554735352
-0.790375580701534
0.616067975268642
-1.47963626947267
0.60735254381741
-1.67652409463081
~
-1.5377051533448
-1.51344970389339
-1.38314372104904
-1.34777489016713
-0.915135527332667
-0.705120689580963
0.64222945307307
-0.791559677284891
0.615329777153948
-1.48077721383971
0.604421234443394
-1.67563778359256
~
-1.54047417153183
-1.51661960792989
-1.38592148809786
-1.35091527075757
-0.915570006137628
-0.705550032902954
0.64290445382627
-0.789751598378683
0.615996940508854
-1.47929217018101
0.603508706340332
-1.67854037382215
~
-1.53564740130112
-1.51382397758957
-1.38066626407728
-1.34634617364876
-0.911855343453092
-0.703269799305662
0.642284912764497
-0.787160591942006
0.616343118122734
-1.47510174302485
0.608666413686394
-1.67481306550972
~
-1.53413153287798
-1.51078407212595
-1.38069118358092
-1.3446231465904
-0.914039933541315
-0.703526984024277
0.641090562969034
-0.786670655803276
0.615465098330195
-1.4733578837063
0.608160613742187
-1.66965660005156
~
-1.53399917580085
-1.50694478833484
-1.38110981093267
-1.34090672827344
-0.913802042238342
-0.699486738266733
0.640793083644761
-0.786294666376335
0.614354599607237
-1.47233278466012
0.604905498511408
-1.66413648989254
~
-1.53333583744907
-1.50591004410349
-1.38157404199163
-1.33962580157024
-0.912655045757676
-0.696736690506472
0.64013797309159
-0.784065373488293
0.61344104475143
-1.46978574264593
0.60297392931781
-1.66211953395033
~
-1.53286527600148
-1.50645506297872
-1.38067949116338
-1.33765235212532
-0.910704109922057
-0.696317984908788
0.640034044047052
-0.784741667019075
0.613937226448045
-1.47059629317412
0.604072073238441
-1.66518948956961
~
-1.53400600703609
-1.50696632439642
-1.38234680608247
-1.33652072774335
-0.909952834612166
-0.694536940473769
0.639756983459784
-0.785131534876688
0.613967183789918
-1.47120544006067
0.601490263144021
-1.6662927451462
~
-1.53521585887212
-1.50911547767831
-1.38557368917873
-1.34138249765619
-0.909998167608475
-0.695256029459146
0.640144315730887
-0.786550858623748
0.614834340382942
-1.47320775745263
0.6029070015692
-1.67031945343662
~
-1.53549137806827
-1.50825653172493
-1.38550050509066
-1.34215029065612
-0.910011174996304
-0.695352500657263
0.640277983488505
-0.786697117090165
0.614441109505662
-1.47334341183408
0.60430156054669
-1.66941666523685
~
-1.53693931899859
-1.50689265917022
-1.3859068668657
-1.34282848294
-0.909958193843869
-0.696394218179286
0.640834059544337
-0.787835175022633
0.614922864867433
-1.47464433896207
0.606930267094069
-1.67165906203656
~
----
@Two hands zoom in
-1.93555137582087
-0.851541874152575
-1.72340783663798
-0.688375186912319
-1.16141307486188
-0.347671515023444
0.588093492728886
-0.826939605170017
0.683419541064019
-1.47711689870152
0.689367529524929
-1.74421890168895
~
-1.92762400508261
-0.844426075788828
-1.72468412096282
-0.686564701630353
-1.16309482402373
-0.345633744435317
0.587407889725876
-0.829692567611481
0.683924941829711
-1.47986456577244
0.68967147871322
-1.74638994295669
~
-1.93790473250842
-0.845889294810477
-1.72437875083329
-0.686735007064823
-1.16345844107452
-0.344797642641269
0.588652770470887
-0.828414855795107
0.683350917319236
-1.47812921353652
0.687661815846352
-1.74443249797095
~
-1.94132421169181
-0.840081130718673
-1.72967538031523
-0.676190854138392
-1.16289480643885
-0.343040979041096
0.588294769180056
-0.829699921319402
0.6829855375382
-1.4795191466275
0.687589016648903
-1.74816506307747
~
-1.93534802963766
-0.84030109117974
-1.72327454014128
-0.679359019878661
-1.16043076280901
-0.339178834099283
0.588403732042051
-0.831038687352452
0.681969770224303
-1.48100548452886
0.685058178858492
-1.74891920120437
~
-1.93686709122879
-0.83720002979164
-1.72439612498388
-0.673940374643676
-1.15941965109642
-0.338555136518165
0.588032672110855
-0.831535256117163
0.681809610523404
-1.48139290604239
0.683405957000752
-1.74777317677438
~
-1.93159716285896
-0.836271183950902
-1.71886736492437
-0.674604268890894
-1.15739667539281
-0.335856877831089
0.587406596988542
-0.831258209252095
0.680786007955058
-1.48049131074132
0.690295241170539
-1.67881275795717
~
-1.93464795170696
-0.836083527661342
-1.72232034942931
-0.676348219999809
-1.16039269055498
-0.33710344383268
0.586844157740685
-0.827497629235727
0.680040360251895
-1.47683008115864
0.681410605052807
-1.68411010856698
~
-1.93125318425275
-0.834027586541286
-1.71822673786282
-0.674537575788122
-1.15705918656792
-0.334469033182685
0.586992199985859
-0.828944145862898
0.679358053675815
-1.47835195243734
0.681604971988736
-1.68185257531364
~
-1.9339794539224
-0.836396495451223
-1.71954652593037
-0.676859192627968
-1.15924808935993
-0.335214686420631
0.587108366318971
-0.828790525507814
0.679258102035556
-1.47802831888242
0.68151361663248
-1.68758086841169
~
-1.93405633032884
-0.8383475333309
-1.72016821231919
-0.678185329357986
-1.16013020268355
-0.335845027144464
0.587089067608866
-0.830204023920162
0.679213828203847
-1.47949398757592
0.675987283479237
-1.6869407325288
~
-1.93366970344893
-0.838007109341474
-1.71967211473425
-0.679038840883484
-1.16030065519707
-0.335369009244426
0.586498079422491
-0.830075975422814
0.6785314756236
-1.47913070409231
0.685111690502812
-1.74770915620542
~
-1.93024189619868
-0.834147159736748
-1.71966781889303
-0.677528996017813
-1.16021179987297
-0.334526325242794
0.585650259395279
-0.830664406125749
0.677990689362589
-1.47952322279468
0.684969888453589
-1.75101123660765
~
-1.92943926792111
-0.831794288088367
-1.72541992437238
-0.681163644091055
-1.16630380049051
-0.337279750983985
0.584960814340526
-0.828526438773788
0.678569055492413
-1.47737181805502
0.678720188238851
-1.74566362071606
~
-1.91878470892286
-0.816595052287139
-1.72678626323045
-0.680318568820582
-1.16648601761145
-0.337318434443271
0.584819068439074
-0.827725418671593
0.677930306001155
-1.47682780878372
0.677974269595987
-1.74465385229019
~
-1.94477733312407
-0.830352609226437
-1.72981697263013
-0.675833697678898
-1.16659858863395
-0.337049968059526
0.584604526181723
-0.828645889519909
0.678233023550394
-1.47752264706117
0.676296095753806
-1.74466550454429
~
-1.91534328191625
-0.809773801168587
-1.72861876693843
-0.67543923538677
-1.16597283642289
-0.336297684203291
0.582711103992779
-0.826946533820498
0.677490408943135
-1.47604610866954
0.676401050402058
-1.74303607688976
~
-1.91762895184658
-0.813171356659066
-1.73046107157538
-0.677921731378229
-1.16860557764009
-0.337957931149801
0.582801595841916
-0.828273276930663
0.678060363887944
-1.47740006760754
0.680167957035728
-1.74614622232991
~
-1.91495374077781
-0.809990482151487
-1.72916213551937
-0.677764917255954
-1.16777944587899
-0.337040397201062
0.582392508045883
-0.827937105204767
0.677172645744112
-1.47685778640638
0.683010406095019
-1.75259422205318
~
-1.91668979780565
-0.810503630637843
-1.72706138106239
-0.673301591054313
-1.16527499442114
-0.334026993516705
0.581817847580775
-0.830203159972338
0.677028302748609
-1.47920341357855
0.68245854076049
-1.75121397172885
~
-1.9450935077562
-0.823929666781458
-1.73430066869514
-0.665822957373731
-1.166780007964
-0.33337660157337
0.583033552503912
-0.830972636567671
0.678038165962194
-1.48040201130736
0.679532308274177
-1.75056992316985
~
-1.92082867552666
-0.807455513819907
-1.73436646014243
-0.664322462762781
-1.16834359198927
-0.331663165574771
0.582681954771253
-0.833326672805418
0.676304822757261
-1.48226429424477
0.679798591460134
-1.75082452288727
~
-1.96124764360788
-0.811403779008854
-1.74411231584616
-0.655210993834902
-1.17137765645725
-0.331853142245595
0.582609188319635
-0.833183332858147
0.67687929019458
-1.48199181771807
0.676841011363154
-1.74910159150854
~
-1.95200895940721
-0.819579980909209
-1.73653940063814
-0.665760490186829
-1.17263089077204
-0.330856851919967
0.581903568878546
-0.826167974766366
0.675440715409193
-1.47432596807972
0.685305279036829
-1.75013732581474
~
-1.96538038251579
-0.794106890161987
-1.75096965702477
-0.6339186339467
-1.16937374259308
-0.32860980229024
0.581389948866152
-0.826492875225054
0.674574963319353
-1.47426447470705
0.674160613203404
-1.74494800104214
~
-1.95106964229245
-0.812996051499552
-1.73630458765567
-0.658694877893371
-1.16986722646039
-0.328544353398237
0.580963310315129
-0.825600208686452
0.674668450825552
-1.47348556235638
0.68388412172115
-1.74768015735928
~
-1.96824739085379
-0.79172341683635
-1.75005692328062
-0.634318733131003
-1.16957976944264
-0.327272534311264
0.580181494749092
-0.828370447803616
0.675292069031607
-1.47635634626939
0.682768268565685
-1.74760995326868
~
-1.97142576474062
-0.785516876642972
-1.75603829278262
-0.624997397575643
-1.1706627328922
-0.327110787533243
0.578131025487136
-0.819985342859816
0.673742711652838
-1.46821509219391
0.6811302009019
-1.7424817419565
~
-1.96789227302393
-0.783252364228236
-1.75097720151685
-0.624596482242272
-1.167734825052
-0.3220982225972
0.579674854819303
-0.822331689604984
0.672608666019583
-1.47083482167839
0.68175137021846
-1.74326602051683
~
-1.96828091142788
-0.781862035743893
-1.75058924700078
-0.624658745018136
-1.16785477603314
-0.321517867548916
0.579480476629497
-0.825588543373755
0.672717734934239
-1.47393434334439
0.680342791078537
-1.74438043116738
~
-1.93678518890782
-0.790974822759096
-1.73363531988955
-0.650132395491794
-1.16758873007961
-0.319325969202751
0.580111111257579
-0.82731780701671
0.674170472807371
-1.47591091682761
0.678334220870527
-1.745277082861
~
-1.95426677755477
-0.795960512053297
-1.73525403304009
-0.645907801715755
-1.16798682178832
-0.318458865235921
0.580264439542495
-0.824914360019352
0.673074916473123
-1.47342178565393
0.68072529268132
-1.74859148614423
~
-1.93703557995742
-0.782838462908981
-1.73941101041862
-0.639371576312507
-1.1638008303916
-0.314370974579737
0.580894588208194
-0.826671717325393
0.673740613487315
-1.47534369046167
0.675651558189275
-1.74647268962704
~
----