@No.1 Gesture
-0.39587352407982
-0.643125236084372
-0.575086726375264
-0.728945273699404
-0.730650220567403
-0.566785093132282
0.728023117636548
-0.576825039225843
0.424417343306111
-0.67455938719798
0.230494042523491
-0.667469486373744
~
-0.394579983154883
-0.64474015173687
-0.577912888136058
-0.727365695374039
-0.730526917862705
-0.565163001906046
0.734533736813699
-0.579344677811461
0.426302958976567
-0.675431187512055
0.231076234673397
-0.668238166413779
~
-0.392391617532562
-0.645220984705115
-0.578417184761923
-0.727152984237817
-0.732059341678621
-0.564344254021862
0.704765078552427
-0.55744952031695
0.427596398339751
-0.674532910850248
0.234660371171174
-0.668290471456327
~
-0.392413843381214
-0.644936963839817
-0.580278216153921
-0.728745532342645
-0.732367760690298
-0.562997375437453
0.711223092186743
-0.571716417788229
0.423199847542688
-0.677615290647885
0.227781983315632
-0.664659652075752
~
-0.390969017346958
-0.643684914130199
-0.579497472442831
-0.728153951450791
-0.731352697251209
-0.563477799285285
0.731736499268522
-0.580081568823048
0.425989760083704
-0.675482113050135
0.232529792323807
-0.667888338074505
~
-0.390267161358077
-0.644154074091706
-0.586070531707125
-0.729763848960538
-0.728867177065428
-0.563422328352079
0.736456830822751
-0.581329008989617
0.42639346121794
-0.674410703316451
0.235397584486297
-0.669000155588984
~
-0.389997568204091
-0.64675438513119
-0.51225289971793
-0.704323922754843
-0.728385878663163
-0.564980056595177
0.707865668609116
-0.567143195390336
0.424581546888565
-0.67736987800395
0.235330467545493
-0.671532175912447
~
-0.389510928617698
-0.648410241808174
-0.471967166345755
-0.702192847162851
-0.726783027932961
-0.565363093585893
0.702580225786918
-0.568742917139884
0.422503610690739
-0.680808261890181
0.236638094998921
-0.673546581402699
~
-0.388741895978079
-0.649811941003457
-0.580904152786044
-0.736527944904964
-0.726807052435393
-0.563838527296776
0.717442898195906
-0.574108679215478
0.424665596776261
-0.680259822339142
0.237171696049672
-0.675252914613783
~
-0.387945158896374
-0.650059099031354
-0.587065726259632
-0.739451161860128
-0.726439183005977
-0.564691820591351
0.726981270868433
-0.582061155871672
0.424141895960838
-0.679733225664378
0.236062631406837
-0.675385208325752
~
-0.38829831628918
-0.649749719855643
-0.583790300048783
-0.732643384696296
-0.726229711255311
-0.564128342151225
0.701943318678275
-0.575784020070333
0.420545399442161
-0.681723523583369
0.23249616672415
-0.672031598006891
~
-0.389729835288918
-0.650010653662072
-0.593524563766697
-0.739787327587309
-0.725307714240432
-0.559752679217412
0.736326529454105
-0.580908314534161
0.429714000865141
-0.677377650579796
0.241912275463633
-0.67560319933431
~
-0.389810958637099
-0.650829120399068
-0.592186457870376
-0.738361802947555
-0.725558234201366
-0.560066526573878
0.740310708537265
-0.586392522469908
0.429665817223991
-0.678187583900165
0.239687290832709
-0.6759209179952
~
-0.389586434824326
-0.650179421002524
-0.588149314706354
-0.733690461814681
-0.726297570160475
-0.559365496913359
0.693737542876419
-0.565036750173309
0.421051383588933
-0.682529147902417
0.23915395493818
-0.676427628387977
~
-0.390790979180852
-0.650768224236199
-0.58909725156931
-0.729441548113437
-0.728430931064695
-0.559337454509567
0.718772050538459
-0.577979866959704
0.42421534962815
-0.679927113703348
0.237686514834865
-0.676382136468191
~
-0.391398342610183
-0.650398165220865
-0.585161114348274
-0.724778645877444
-0.726809991861481
-0.56128271220422
0.726178431854207
-0.579397345156915
0.426604863769526
-0.677708161608358
0.23279510304935
-0.674781058163481
~
-0.392119719364407
-0.649774481426197
-0.590132558272212
-0.730276062374682
-0.726615517445486
-0.560939035081702
0.701511731947049
-0.567131173581248
0.420526545212218
-0.680029399372679
0.226956793587739
-0.67307680433148
~
-0.390447533478626
-0.647956464255099
-0.585556971830546
-0.728496709459484
-0.728374991757473
-0.562547312285634
0.7210817937436
-0.565793631915146
0.428131471931909
-0.67513918444658
0.232944079086502
-0.673246865413684
~
-0.391610693301361
-0.648369998687162
-0.581178540511388
-0.723397647371472
-0.728559911986632
-0.562617362572781
0.731033491878511
-0.579053952879734
0.427152118389765
-0.675242759274399
0.230953973518181
-0.672066261613581
~
-0.392382823748322
-0.648689721445791
-0.58075236717134
-0.723463436255905
-0.729200900837348
-0.564101349908829
0.732979044200286
-0.582593701444756
0.425481839801075
-0.67584213231521
0.229006643537357
-0.671912929643153
~
-0.392988290701218
-0.649569332916713
-0.580652790692415
-0.724131161410887
-0.729794072251544
-0.564957604596222
0.705988861552513
-0.565240720461846
0.423377664461078
-0.676739754835012
0.229601134071611
-0.672646854676844
~
-0.392696227380015
-0.649043333372836
-0.579649666573387
-0.724289741308265
-0.72869878862281
-0.563719211573668
0.733553763887557
-0.578790563169965
0.423982108176757
-0.674570275834192
0.232237082442382
-0.673502412896462
~
-0.392867928529127
-0.649097346112809
-0.581709764013372
-0.726859220769469
-0.729539564356691
-0.564719835643343
0.738485433159758
-0.582404608785531
0.425116676863574
-0.673966597446589
0.233748104412915
-0.674488253611565
~
-0.394475070360471
-0.651807627202169
-0.589659331184237
-0.734017622257702
-0.729281841024299
-0.562831603793166
0.689389169152729
-0.557954649159915
0.422037417686311
-0.678426310211157
0.233479999926476
-0.676545130372219
~
-0.394367939124614
-0.653667366973208
-0.58101673300373
-0.726342955497639
-0.727390252597301
-0.565514937090703
0.702422538988301
-0.566432467573948
0.422704667115905
-0.68005025441935
0.233741919267851
-0.678875177689562
~
-0.394024217525167
-0.653511900309757
-0.573128920181345
-0.719775059591137
-0.72784074753695
-0.564022267712354
0.690658143753171
-0.560860444467305
0.419930070875436
-0.681133219928614
0.233913534410296
-0.678797556585394
~
-0.393617878987478
-0.654381434670413
-0.578838707389069
-0.726143282688022
-0.728478032040458
-0.564761327862715
0.70047935014669
-0.560549224383668
0.423566629180756
-0.679400006961886
0.232722559693386
-0.679768345776823
~
-0.392431728680803
-0.652863123463944
-0.577019211503657
-0.728625298850362
-0.729801360575827
-0.566594710014758
0.728545131318953
-0.580836767921374
0.42691849745086
-0.677732446469718
0.232304587407936
-0.679622276149006
~
-0.390035425148618
-0.65233232066596
-0.572253388809404
-0.718923043802484
-0.727796762968662
-0.567995457708812
0.689502540675798
-0.585558214917736
0.405872390076913
-0.685075826446753
0.223651092399519
-0.67452288009856
~
-0.391230784037649
-0.653567213119239
-0.574653233452518
-0.721398775214335
-0.729888756306198
-0.569066466008924
0.672740504065271
-0.568906507947059
0.414292021302567
-0.684491868570016
0.22405403063994
-0.676045998598024
~
-0.391988315774597
-0.654879804452974
-0.584503655285557
-0.731799691375815
-0.729850260617588
-0.56899289115441
0.71269289549914
-0.581850657175335
0.418296556899811
-0.683164543380647
0.227061250081708
-0.678897595846335
~
-0.392002344380218
-0.654110142658089
-0.586648074731354
-0.732823492944628
-0.729058140904282
-0.567921695169669
0.725125285664934
-0.589213452473652
0.417791439100959
-0.682209292776991
0.226670918872014
-0.678834586237444
~
-0.392993907655684
-0.654574899816197
-0.587005914882884
-0.732723585369381
-0.731088527266794
-0.56922546912925
0.732739990869982
-0.594297683422398
0.42087167660024
-0.681369624232564
0.227398168568123
-0.679747734513034
~
----
@No.2 Gesture
-0.322281016449339
-1.04341516748347
-0.522707594935561
-1.0183156079889
-0.731814304223309
-0.655358130376896
0.712472610269401
-0.673397791431978
0.459637663968416
-1.0228988045138
0.259603113948698
-1.08528280738505
~
-0.322663058248998
-1.04531825801898
-0.522955585391101
-1.01943308569928
-0.730518216297247
-0.65624333277449
0.712692715169612
-0.672936772231886
0.460464701269608
-1.02376336100441
0.260448285110763
-1.08598388783789
~
-0.32297334641796
-1.04482115099861
-0.52350661999492
-1.01931410147053
-0.730056660436357
-0.656394257160467
0.712862547458169
-0.672405315156245
0.460464739969263
-1.02333483781127
0.261278187381275
-1.08677755241512
~
-0.324792675845873
-1.04809648703427
-0.52524373530868
-1.0204940467119
-0.729539627661361
-0.656926565372047
0.71432087397373
-0.672550467849285
0.462029107276954
-1.02445851847686
0.263216670748274
-1.08806243794267
~
-0.323030184200096
-1.04603139194015
-0.524405399274104
-1.02021108744771
-0.729796781813596
-0.657614951086491
0.714739678016288
-0.672585102495407
0.462135697528318
-1.02577517587882
0.263485818108635
-1.08917894910773
~
-0.323682760999503
-1.04335358476178
-0.52428802673648
-1.01715308823642
-0.730124292117161
-0.655172918590939
0.71236141897376
-0.670443022267398
0.45943199390266
-1.02224763721868
0.26166537106971
-1.08653001739741
~
-0.324894704930459
-1.04148717168066
-0.524169117135934
-1.01442989682304
-0.729787785689649
-0.652851066953616
0.710610251151607
-0.665535780204785
0.458445218686651
-1.01803481937083
0.261065536842676
-1.08176199885975
~
-0.326146097110407
-1.04267695841017
-0.524952618919829
-1.01550007564842
-0.729398967030804
-0.653323354267384
0.710491097595887
-0.665666731260744
0.45852333441743
-1.01805813790678
0.261429306181029
-1.0817863045142
~
-0.323481606576788
-1.04123952339802
-0.523397590126427
-1.01674494268113
-0.728966017977144
-0.655088652925391
0.710375758684044
-0.666218060430655
0.458421930653053
-1.01875388421251
0.261224214025455
-1.08283282931578
~
-0.32453627503004
-1.04415484126481
-0.524389602051371
-1.01966141004965
-0.728772499796041
-0.656489107214432
0.711966604056498
-0.667787155499134
0.459168824475437
-1.01922707976601
0.262639953639372
-1.08437516312089
~
-0.324008748480407
-1.04242698062032
-0.523582205700562
-1.01887323128605
-0.727940929131602
-0.65544615533462
0.711311254744584
-0.666179296927769
0.458778536180499
-1.01737888360032
0.262328360841472
-1.08217541729592
~
-0.322510937743122
-1.04156515093934
-0.522617839927896
-1.0186200259805
-0.727205916679137
-0.656496603104488
0.711327694373022
-0.666273397927008
0.458848205006855
-1.01732675321218
0.262548765722475
-1.08132302072556
~
-0.32213864837368
-1.04666544303692
-0.522617331253672
-1.02223384282785
-0.727324830214441
-0.659214065494358
0.715971874875464
-0.669012213257099
0.462373793621117
-1.02054338863079
0.265550391730198
-1.0848941854262
~
-0.322293726561267
-1.04791249856707
-0.522768496546305
-1.02314955325406
-0.726191800890172
-0.658728837832353
0.716884706293262
-0.667796230669573
0.463932719843003
-1.01950755757261
0.266765854080829
-1.08368767880561
~
-0.323090702821154
-1.04992832527107
-0.523399751817087
-1.02410122969702
-0.726544894506969
-0.658822859807125
0.717176857452851
-0.667971569887288
0.46409111469575
-1.019992372071
0.267063399470919
-1.08509189104746
~
-0.31877640153129
-1.04716507325302
-0.520652853549893
-1.02336766197343
-0.726632821871486
-0.660596248603026
0.718614619204651
-0.669367240567628
0.465560214957628
-1.02175041023533
0.269121274972897
-1.08861647455949
~
-0.319204650393924
-1.04949120856759
-0.520739235227232
-1.02414747031731
-0.726829563913081
-0.66097421478276
0.72040966338231
-0.669358860100501
0.466813534716716
-1.02134364343023
0.270144855214359
-1.08624672106975
~
-0.31634950338099
-1.04287694972471
-0.518433616585493
-1.02036697722366
-0.72613127471318
-0.659153436002434
0.718731450650309
-0.667597128372785
0.465232082881958
-1.01801810165694
0.268879187915123
-1.08293130152073
~
-0.317291473985742
-1.04214903563699
-0.518433638094622
-1.02048807413614
-0.725791856102506
-0.658430232524282
0.718021600313775
-0.666639694705983
0.46498800108504
-1.01748485024639
0.268348112583751
-1.08156857414914
~
-0.313318124752759
-1.03673360273579
-0.514729649429782
-1.01682640453347
-0.725501981812554
-0.658274678620981
0.717400274110881
-0.66616115318516
0.46496642949577
-1.01707003625688
0.268854415572906
-1.08268696899179
~
-0.314155120054802
-1.0358366431774
-0.515023137219653
-1.01456104942994
-0.724997182675083
-0.656397333682092
0.716331637963323
-0.665037019687576
0.463968110484416
-1.01538719967256
0.268056441292703
-1.07993608750161
~
-0.315676586725029
-1.04083610790321
-0.516171171864818
-1.01902443114684
-0.723880113134265
-0.657304454181234
0.716340423145229
-0.665407179835744
0.463500919063464
-1.01519457929264
0.267345809413407
-1.07958233288
~
-0.315666030475472
-1.03849061561325
-0.516564624883036
-1.01811343207298
-0.724664582025241
-0.656101930829709
0.716823024782774
-0.665091689741808
0.463321866597427
-1.01430080774215
0.266943946460794
-1.07794477111634
~
-0.314985765632199
-1.03697213318569
-0.51604423049242
-1.01728808271591
-0.725317830769138
-0.655588508561138
0.716199533721433
-0.664645277023277
0.463185391604404
-1.01397996557082
0.266781138206963
-1.07737874091632
~
-0.314672042200658
-1.03643077194648
-0.515942375758331
-1.01767377876419
-0.725928069810329
-0.656441054393879
0.716077913722093
-0.665581815004196
0.463288904195528
-1.01460846859117
0.266797494971323
-1.07836134335232
~
-0.315605332212451
-1.03578227547713
-0.516745017970423
-1.01649727827197
-0.726153766977222
-0.655625517624218
0.71494424467041
-0.666862267531557
0.461191245795251
-1.01460100156962
0.264802228234012
-1.07800658702588
~
-0.315381143610421
-1.03364361987377
-0.516251337618099
-1.01421154488152
-0.726035623627024
-0.654404752299258
0.712890899731467
-0.665471431492854
0.46052853150341
-1.01355122293064
0.264739678235603
-1.07743094140791
~
-0.31498475734955
-1.03586489396133
-0.515958521577736
-1.01724439600961
-0.726630489268443
-0.656561957861194
0.713940352818194
-0.668211032088308
0.461014153966757
-1.01594184492335
0.265268949229037
-1.08118477759918
~
-0.318856628248764
-1.04002538647656
-0.518782854047926
-1.0171535804771
-0.726910225359707
-0.655892059087398
0.713726682650488
-0.668370567310707
0.46072933239781
-1.01562449293478
0.265205288264044
-1.07978319569377
~
-0.318897904121826
-1.03904712807649
-0.518881663912373
-1.01716441124975
-0.727338410170553
-0.65599050359035
0.712628873703876
-0.66801183111299
0.460269526043009
-1.01568323865004
0.264602875425386
-1.07933330265712
~
-0.317784835175746
-1.04021991100841
-0.51832285846306
-1.01988593167145
-0.728078258614237
-0.658466693716974
0.714915302150954
-0.670498202995114
0.461977600232769
-1.01846702423516
0.265922058718738
-1.08205850490535
~
-0.322956078004781
-1.04712309168472
-0.522799987879108
-1.02237726463366
-0.728056167557389
-0.65938298108698
0.714724340457673
-0.670618436516616
0.462544120533642
-1.01974790470787
0.266203110541038
-1.08420248259044
~
-0.323840166046956
-1.04882122891297
-0.523659428699076
-1.02459613056263
-0.728864618927308
-0.660873548385756
0.714584037570177
-0.671539967727252
0.46209221805145
-1.02066426270301
0.26530424605625
-1.08483360696238
~
----
@No.3 Gesture
-0.42093898741018
-0.670102793534514
-0.578885519079452
-0.776225412888435
-0.696340900097667
-0.616922529019318
0.687185162928605
-0.590354563707496
0.455921940229803
-0.715397805474901
0.31444607431185
-0.660130193771034
~
-0.415959427698977
-0.667466911061062
-0.488884103751346
-0.660077846604431
-0.688474801654667
-0.639854405374286
0.684794563251911
-0.589301209787204
0.532027345569405
-0.87135599585506
0.313708730371862
-0.659534967758439
~
-0.416987119382433
-0.669434354063074
-0.490635416789305
-0.658545871067604
-0.687103921852246
-0.629499109405719
0.685721252194828
-0.583458051628413
0.546792401192399
-0.895274374466588
0.31320409452781
-0.659920288789501
~
-0.411635622323163
-0.667294086447613
-0.491086131050738
-0.665242959335549
-0.729777172036007
-0.659080817583009
0.682324159733993
-0.592650727760053
0.535684999705933
-0.906726777791872
0.312859289037034
-0.660003110971734
~
-0.411751770770172
-0.662900339902367
-0.489396023506617
-0.657136257423289
-0.705143761358654
-0.641119769030711
0.683931737217241
-0.592279733833554
0.517072738031656
-0.909413013250459
0.312982378092769
-0.659362451578643
~
-0.408611707869643
-0.659157800236849
-0.488552155779366
-0.654411073416929
-0.701088516987278
-0.64179102947784
0.680160642914287
-0.586193131507259
0.495562985268778
-0.827349583209652
0.313967877533614
-0.659489017888601
~
-0.408677726367754
-0.657822568945606
-0.488857281618696
-0.651044860705095
-0.699766155586158
-0.633216383708159
0.679140461617848
-0.59444998668572
0.531433746458771
-0.862837108461791
0.316830111201896
-0.66292391606342
~
-0.408024022757109
-0.656835461168611
-0.487108994597808
-0.651557137375807
-0.695233049888386
-0.637666420500293
0.678121546547933
-0.595082951982684
0.496254709433563
-0.810871621699696
0.315839171765986
-0.66122331356283
~
-0.409658270062018
-0.657250243435271
-0.486616411668875
-0.651897774803531
-0.693834662695694
-0.637485666222097
0.679594760312317
-0.589948262147555
0.506166850180492
-0.791527611958852
0.325038909959738
-0.665195378348286
~
-0.411026403920633
-0.657449030409155
-0.484192931746784
-0.65279350616599
-0.690622342821781
-0.639658578621895
0.67913207923234
-0.592877862747987
0.502953782022294
-0.731454189676497
0.326863552667349
-0.665230456006089
~
-0.411885902771875
-0.658299370483269
-0.484922438988804
-0.65355000000093
-0.6915139884595
-0.640115913858508
0.679850750925455
-0.594085891903081
0.501393291993735
-0.745931424492368
0.323431136949039
-0.664149437278106
~
-0.411316023237955
-0.65797475664282
-0.487479944333099
-0.652360137498972
-0.694768751422386
-0.637079313032633
0.679408104816018
-0.596226842494683
0.49449767930745
-0.774929360882266
0.322930353739675
-0.663525236034796
~
-0.412232228170636
-0.657382433473392
-0.485985780594224
-0.652616836134876
-0.692243813064738
-0.639289438076235
0.678803457131688
-0.599088324556129
0.47187569259525
-0.70508630350339
0.314319106869058
-0.659393276996004
~
-0.416026330559935
-0.661012496244504
-0.487697763663653
-0.6554789850993
-0.690987875138314
-0.639783647082453
0.680567902335257
-0.586077543967772
0.520864991453803
-0.845976010954833
0.313043188284829
-0.659938091910668
~
-0.41586607253696
-0.661274241336606
-0.488124867358765
-0.655451438021623
-0.690497360619531
-0.639143740756954
0.681325515815916
-0.588413639413231
0.541744494175781
-0.853991128732196
0.312623664473091
-0.659287006495092
~
-0.41505661090809
-0.659324691060807
-0.489237886108023
-0.653775409101717
-0.692376880623535
-0.638579185351733
0.682559547258317
-0.582807500706908
0.509705509890168
-0.768075833821744
0.314670269182343
-0.659259043025467
~
-0.411407965190578
-0.656485589965836
-0.487884639605876
-0.651768354471533
-0.692370061350877
-0.639155272556572
0.682998466963844
-0.588257477620371
0.535698828357127
-0.848658084029681
0.314445290475583
-0.658569389876861
~
-0.406419829231281
-0.650804285786554
-0.484678071639464
-0.648162021429105
-0.691407050812802
-0.641182155401088
0.680141633524267
-0.598584784803856
0.504170358905261
-0.74158345170149
0.316090730073893
-0.658396263880759
~
-0.404847008265231
-0.650689406819004
-0.483322670162813
-0.648598777821141
-0.689492143047174
-0.643106327016512
0.680910788276443
-0.58471089544176
0.537620040301952
-0.867184617295726
0.314478188176408
-0.658040930877598
~
-0.40249907925599
-0.649355194726407
-0.482549224074405
-0.647406016856133
-0.68932864555168
-0.642371043914567
0.678601314269043
-0.598004591031211
0.547247404687911
-0.866289476595212
0.314232661904174
-0.657337709347666
~
-0.403914147329492
-0.647216178366523
-0.479643308564531
-0.646782402660924
-0.685889837310276
-0.645601020679867
0.678305212533216
-0.600118153007536
0.437681843721955
-0.675688926636841
0.313335554244455
-0.656478469427256
~
-0.402421921040732
-0.646476339409615
-0.478397304489183
-0.646106348554362
-0.684201599869037
-0.645104102835819
0.682411585562677
-0.595289561607537
0.507130895039921
-0.766162865657358
0.317657291536247
-0.658639521367577
~
-0.406124250618599
-0.65031669214103
-0.479609985870281
-0.650026731324248
-0.68511506161333
-0.649215839261247
0.6812310510187
-0.578966334287818
0.457688013706021
-0.677371920318851
0.316169917645083
-0.659475997479116
~
-0.408163937885678
-0.650407869010094
-0.570649015212084
-0.747979118563683
-0.685351991546959
-0.650305397653497
0.672572747400238
-0.595251989338277
0.500096542443634
-0.778305902432031
0.314423960770949
-0.659377360405921
~
-0.409123479101531
-0.649652843397503
-0.523082713828673
-0.707134647571239
-0.70225600181741
-0.62577958660168
0.675382509412605
-0.583423810857997
0.512398441337089
-0.809968920667392
0.314963260201298
-0.658995508317458
~
-0.407166031773022
-0.647429801161994
-0.485548603004051
-0.644756810540841
-0.69121996008296
-0.637743042921366
0.673655813945176
-0.593196548969802
0.523575544051549
-0.856807978190236
0.31323099391622
-0.658545961162672
~
-0.407419796952106
-0.647701034892211
-0.484901536170143
-0.645835158172117
-0.691329254208263
-0.640864071094324
0.676017515792657
-0.599557504047318
0.559984213776724
-0.832648916756157
0.312861885739721
-0.660221502378555
~
-0.407651229361953
-0.648081962139444
-0.484695181465383
-0.646469267430359
-0.690269061501112
-0.642166164929507
0.676866950266903
-0.602166252413986
0.450982372345998
-0.705170680989836
0.313400297003332
-0.661326724245853
~
-0.412252121053568
-0.650311355408224
-0.484832565699359
-0.648751308006841
-0.689157303970037
-0.64435953890512
0.678198483153569
-0.591937691303249
0.449548973535833
-0.683317267128065
0.311873947538806
-0.660905216806192
~
-0.411869013547538
-0.651296807841793
-0.484440230859795
-0.64963912655377
-0.688501149829953
-0.644977931765928
0.675830201633194
-0.598253995807213
0.33915324691484
-0.627392643977541
0.226927580950447
-0.637105528275067
~
-0.415472106438775
-0.653721431107737
-0.485819354815855
-0.651039841333856
-0.689156232225378
-0.643288778081006
0.674090540366333
-0.601744031459461
0.444330390828476
-0.684341968089823
0.30928318786878
-0.659126165330344
~
-0.409377045487021
-0.653245543958742
-0.483832599712071
-0.650592114108791
-0.68896323054405
-0.643281725819886
0.675609290208821
-0.591891762684126
0.428447935691089
-0.684891614851419
0.306679703301535
-0.656765354355598
~
-0.406451628134893
-0.653088726545792
-0.487820103554202
-0.64968862930352
-0.709297904826631
-0.640433862602918
0.674537326689152
-0.585133464408606
0.426604376689734
-0.685039849521598
0.308031085009909
-0.657667956473594
~
----