@Right hand swipe left
-0.679882946281214
-1.64038892769722
-0.699891887973994
-1.40699245080223
-0.658730291225536
-0.746097455792157
0.654937315389703
-0.777510545407242
0.662630042621885
-1.39301340370637
0.683696350764932
-1.62467788483877
~
-0.679392623329864
-1.63508885341806
-0.699435438420612
-1.40209734712487
-0.658247022424065
-0.745350610493602
0.653637983329317
-0.777034845679106
0.66075833385124
-1.38943406815079
0.680887450629874
-1.62083124235157
~
-0.678253522422018
-1.63657595868849
-0.697297239761124
-1.40374730674426
-0.657793348667584
-0.744208461627774
0.652889043368596
-0.777825108191477
0.659116499216311
-1.3872715131287
0.676359878242755
-1.61873356692447
~
-0.680437009262079
-1.63747796193029
-0.699088341748995
-1.40409254663342
-0.658867267841518
-0.745129775532717
0.65342602256384
-0.780995887417969
0.659458212756937
-1.39199385130798
0.676171345942527
-1.62424446382914
~
-0.678189398468224
-1.63436576878681
-0.697022691139921
-1.40117141341865
-0.658636210913248
-0.741848107196832
0.653933633249057
-0.78366975158945
0.658310231670621
-1.38696585067416
0.67424985856328
-1.619254223776
~
-0.678855466917846
-1.63571611700905
-0.696555496007568
-1.40206978214363
-0.659698722896428
-0.74763798551609
0.653050478510436
-0.781464232222218
0.659411511628722
-1.39170443738184
0.676684221830347
-1.62482001798765
~
-0.677298846262846
-1.65124680868011
-0.693130342460324
-1.41713474086484
-0.659998991425873
-0.753689471108172
0.655854218700241
-0.778494563253575
0.674164980114759
-1.43759901678736
0.693025906480602
-1.66953171054202
~
-0.675125758772026
-1.66390703004362
-0.689368329998959
-1.42992435525281
-0.659663666379129
-0.755747942716504
0.665751415395192
-0.775793911184999
0.703883074309779
-1.45430415152035
0.714066449443566
-1.66099878998132
~
-0.674292505409048
-1.66885593838175
-0.68598399577233
-1.43433245084306
-0.6598400443413
-0.754235730441198
0.689235739243017
-0.774918188596242
0.772365382243245
-1.40333104102433
0.775829843765224
-1.59421936967058
~
-0.671554929691565
-1.6613921869949
-0.679832605507664
-1.42664158946932
-0.656603802959609
-0.747540240919111
0.719630790533648
-0.73046858087883
0.824415645401745
-1.26554081018241
0.821664185979273
-1.44394308600516
~
-0.671323150007216
-1.65544382759167
-0.678137386803003
-1.42075650452532
-0.654522199734521
-0.743724826330367
0.757755405019389
-0.65449913040332
0.848066335523049
-1.1088116771026
0.859943813603395
-1.26341922932473
~
-0.669489536960703
-1.66584096591703
-0.675879524699273
-1.4302060832958
-0.653167362888629
-0.750117450540949
0.778150818919412
-0.575542448288296
0.87032856762776
-0.949431655288032
0.884642948234535
-1.11638908797895
~
-0.666160299061994
-1.66249657014456
-0.672617956686513
-1.42664957285184
-0.651246962433403
-0.753206746937714
0.771523918919478
-0.459608336996719
0.865767206487722
-0.786304083328415
0.905956902129951
-0.94317178602699
~
-0.661488370966943
-1.65113518331384
-0.668279662625208
-1.41599620574545
-0.649110233498154
-0.75097132277698
0.79476806672122
-0.384826804880689
0.860960674864906
-0.674493521816075
0.899829656441052
-0.754968307143576
~
-0.659258450805431
-1.68044426735349
-0.667078784169353
-1.44297781074792
-0.648865664038729
-0.772146372877819
0.768794202588103
-0.32620882032655
0.879573033712416
-0.482011737149631
0.916094365619289
-0.56560470071129
~
-0.657639372329782
-1.69429779718757
-0.665758515647269
-1.4552439409564
-0.649041199376781
-0.780621669121353
0.707887305165075
-0.290108940855729
0.875576046662128
-0.322944629042898
0.924266871936012
-0.411639625711017
~
-0.659816779049768
-1.74643768775158
-0.666764699109339
-1.50263498953878
-0.652021817706944
-0.808215082281901
0.705647523794701
-0.279628529733163
0.851568556670634
-0.210257099810402
0.948883916108976
-0.263365584580004
~
-0.660998485996102
-1.7742548720085
-0.668169334333692
-1.52705370283311
-0.654021293680899
-0.822648041806646
0.715671186611871
-0.238384848661016
0.906122301722614
-0.195479980554366
0.963406536039029
-0.149648155925097
~
-0.663235726954669
-1.79289542733128
-0.67154528165055
-1.54237242943306
-0.655552213958904
-0.835404104205187
0.741201743611584
-0.152702310738852
0.942477752198665
-0.0957778823924895
0.976774699971958
0.0105630411404917
~
-0.665598280597427
-1.81149552070534
-0.675352472901394
-1.55808869108837
-0.657603122220733
-0.845499216785533
0.855665925315803
-0.100163062705416
0.961515009456154
0.0696794611056564
0.979157558586013
0.189732692999252
~
-0.66629106233332
-1.82567697059714
-0.676798200180906
-1.5694748660979
-0.658764083919612
-0.856966456135885
0.855982369210537
-0.00183875875601045
0.958966742651344
0.234097722162612
0.979376471168061
0.333600639310861
~
-0.670179404622296
-1.81615908424588
-0.682065145822504
-1.55845249489782
-0.658412651643617
-0.855696818617767
0.88594964055748
0.0444010653080087
0.956424429883793
0.383327241475968
0.982032235802375
0.48677839187653
~
-0.671177260433065
-1.80755729684522
-0.68360506473674
-1.54978984251966
-0.657882877702253
-0.856710609255677
0.893311545632886
0.14390300693001
0.950944751732051
0.493244470046346
0.978240979070951
0.641450987413918
~
-0.668510664573846
-1.79314158695676
-0.681227407280613
-1.5370229790222
-0.655165386676026
-0.856864822831655
0.887053127868712
0.246550702348957
0.942804784144503
0.625715494966595
0.961242169398845
0.766810526378814
~
-0.668587438358271
-1.76406891972462
-0.680727035911165
-1.5115051008615
-0.653734651049672
-0.844748968309066
0.864175826447074
0.293199714918423
0.913474061024836
0.709119708274471
0.917232729974615
0.797710459773118
~
-0.665633775800284
-1.74053240198287
-0.677997888772383
-1.49219574500794
-0.65171830416379
-0.83953524453566
0.846968733144103
0.339712270261875
0.885778259421589
0.780696539789835
0.886186082524734
0.818984571854675
~
-0.663772251543215
-1.72138229635379
-0.676012288397533
-1.47731397257008
-0.650023852065725
-0.832402658193884
0.829713953928461
0.398205761939771
0.860857593247302
0.858162232553884
0.868107084916891
1.01354530492215
~
-0.668317478913609
-1.72569914080601
-0.680623052137655
-1.48275788863698
-0.653272910036845
-0.831184961220288
0.832141338818699
0.54882223374979
0.834147093044645
0.980289805793371
0.832172702929182
1.13637420130841
~
-0.670615908765686
-1.72303137119612
-0.684101806960431
-1.4815190210642
-0.655912669443821
-0.830786048945378
0.820096676723552
0.566751077385225
0.820874093019316
1.06690690956319
0.792807848384394
1.21900783070816
~
-0.66841984432618
-1.70963805578979
-0.682673136353161
-1.47235232395781
-0.653852659935589
-0.831270120298291
0.79240564956125
0.58000488527433
0.818899632252113
1.07845466567399
0.831067040608867
1.16709484583128
~
-0.69967374129701
-1.6531316613475
-0.690327513472689
-1.48183296295123
-0.658453759284576
-0.83012030815712
0.787398592991964
0.596110890707127
0.784061544125738
1.11288666957364
0.789431359289128
1.22023804589723
~
-0.704305223234139
-1.65059551215348
-0.692714143005009
-1.47972652650983
-0.659217964619814
-0.827857986732227
0.786321878887936
0.607102142512616
0.757805412349123
1.12710187614038
0.755639038612085
1.24836348525649
~
-0.7282412217132
-1.64614035113736
-0.693318799013549
-1.47653215865157
-0.660042702160931
-0.82719074592412
0.779699521894253
0.615172475861808
0.729814021641015
1.14355388608497
0.719510428020744
1.27887626115242
~
----