@Right hand swipe left
-0.366095138907795
-0.421328381304134
-0.376185733289647
-0.448848326680675
-0.637378512053239
-0.692266326262959
0.767552788169062
-0.657927931714791
0.382640040703469
-0.602728021839364
0.284372107466126
-0.423225775172517
~
-0.366358076943242
-0.421061681953175
-0.377943836011594
-0.452858586990953
-0.637567902798286
-0.695044473570825
0.767318782984351
-0.656845585293837
0.384532682972835
-0.601820481932614
0.280713174596459
-0.422124956210629
~
-0.367451144065651
-0.415379447382298
-0.377852027862185
-0.454042321495285
-0.635613958213836
-0.688654389197359
0.766816825684063
-0.656375444430599
0.385923849936248
-0.601094265955998
0.277487876015351
-0.422290904877924
~
-0.36845260874205
-0.415193501213363
-0.376502467716516
-0.454720384647729
-0.635019031674863
-0.687190964936341
0.769030825195197
-0.662565461446149
0.384341868133636
-0.595098598848839
0.274703196622399
-0.421055586381368
~
-0.368486767650569
-0.409833668069885
-0.371483429906022
-0.44799563070511
-0.631214701045986
-0.683250486343236
0.768288571555069
-0.660838350937362
0.386502635517523
-0.596261164098128
0.269752754637607
-0.416733625647246
~
-0.369228912080266
-0.409871769633166
-0.371700658732052
-0.445754819198345
-0.629982217392998
-0.687213691990299
0.771261165338913
-0.664695311326656
0.389217069923802
-0.595373474447086
0.268151232776601
-0.411453619203364
~
-0.369607307426148
-0.41233933639662
-0.371194042757965
-0.445410464034265
-0.627397657610438
-0.684702206674872
0.770064682791769
-0.66463552168542
0.388278452554019
-0.596393573224908
0.264856388647776
-0.407939762012793
~
-0.369868654248512
-0.412363381656863
-0.371694863558508
-0.444714253545243
-0.628446527154734
-0.687778034381807
0.770505077613236
-0.665265657821194
0.392108985621766
-0.601946968144644
0.264505602418781
-0.406937149640903
~
-0.370635190324753
-0.414428221103946
-0.371679791659019
-0.443473898407405
-0.629110940342454
-0.689098451827334
0.77156178555581
-0.668726790430774
0.393665711687903
-0.615087653461382
0.262672546916351
-0.40326768137915
~
-0.370527885706985
-0.412475153587467
-0.372326812758373
-0.442494717333709
-0.629259471145321
-0.690925399850996
0.768142069542682
-0.669905870787909
0.386406046150007
-0.60208099475547
0.259773565398131
-0.39758832342592
~
-0.370412925873955
-0.414651183238528
-0.372017216487764
-0.443796324543368
-0.630186023153815
-0.694523891585738
0.768576420776837
-0.670730897848346
0.390978137893562
-0.606617984589767
0.263570136354661
-0.401854493912983
~
-0.371056100377451
-0.416418251025916
-0.371550344173135
-0.442478004504826
-0.631101237320005
-0.695188314100253
0.765147068434075
-0.671657977408373
0.38709239714579
-0.607463814472393
0.263095796057533
-0.39931468083583
~
-0.371220175819867
-0.416377709815219
-0.373188583475654
-0.443607370929187
-0.632396690303577
-0.699003637584312
0.765311305174233
-0.672147283094403
0.388308234581655
-0.608998409716461
0.262058559393681
-0.395791539386284
~
-0.371943401883609
-0.419209869417266
-0.372974944691645
-0.443088846592232
-0.631667056837961
-0.698628992008222
0.76441183991886
-0.670853612320961
0.387874725618146
-0.606976169684292
0.260525953878293
-0.39174005348012
~
-0.371654200583515
-0.418991683076309
-0.371723993152536
-0.441452631217624
-0.630738827078449
-0.698701019814679
0.765946083515168
-0.665843592556473
0.390584193711852
-0.6097837285243
0.260650727125506
-0.390213249816337
~
-0.371060952517768
-0.417119617574235
-0.370145686994817
-0.439359888839465
-0.630928398158937
-0.698846685441916
0.768233816024429
-0.665109537808685
0.392094236806646
-0.609576937472683
0.26411711792037
-0.389901733376039
~
-0.370201260710928
-0.416288662580749
-0.37151867681263
-0.440493136764665
-0.631488305772755
-0.701861492453092
0.765960183565418
-0.66405604215921
0.390358390603737
-0.611036871048668
0.264346365599736
-0.389802092772464
~
-0.370203451887408
-0.416603690510849
-0.369691775194592
-0.440598126140124
-0.631567766440468
-0.702588241783594
0.761316958956321
-0.667360008739161
0.384317521812467
-0.613065961581811
0.263718644820447
-0.389991444400021
~
-0.370166419948179
-0.418094615160464
-0.370325994942959
-0.441400857565349
-0.632688846404152
-0.703646114766349
0.757517070777293
-0.66954747672643
0.381295061328598
-0.611347503955585
0.263995717987482
-0.389164345644833
~
-0.370493350551343
-0.418208732321494
-0.368760802664086
-0.440322857788139
-0.632978411676219
-0.703628324846265
0.759685282278305
-0.668850583272254
0.38367884682938
-0.612259834676885
0.2639583845921
-0.38827213779608
~
-0.37047318666355
-0.417615276884587
-0.369839874026902
-0.439139096215331
-0.632946219580485
-0.703301539956779
0.761962459887894
-0.668782330294825
0.383253600919288
-0.603040760526328
0.263412887542328
-0.387283070924778
~
-0.370122906090969
-0.417901554160985
-0.369857100408846
-0.439347687177544
-0.632824833474413
-0.704305171270724
0.759909624734741
-0.66646227625921
0.382473446130648
-0.605889247671275
0.263713755461162
-0.387129889157487
~
-0.370147130671548
-0.417323227599761
-0.369837075627832
-0.43867284633442
-0.632807942940936
-0.704367989437785
0.759262878731618
-0.66445358110325
0.384509682559805
-0.60509823929292
0.263706976784866
-0.386303617860815
~
-0.369979007390714
-0.417054313371213
-0.369272014138875
-0.438116372325398
-0.631803497181495
-0.705066952179657
0.758962482529146
-0.664119910866749
0.387322771855073
-0.605927984651564
0.263710192290426
-0.38581157131385
~
-0.370054536404514
-0.416932926993195
-0.36979641093215
-0.437719526710524
-0.631799589572143
-0.705515125028909
0.757851394699472
-0.660802254761028
0.384922773809042
-0.605394764911069
0.26382148637199
-0.386961853373922
~
-0.370078060439478
-0.417546103915665
-0.370242432896188
-0.4376145005206
-0.631536738616682
-0.707009701082061
0.756261709095083
-0.661001355535629
0.382938223334929
-0.598862216244469
0.264308786206575
-0.386680007049398
~
-0.369815382818536
-0.417662864329402
-0.37129262661677
-0.436556089198664
-0.630232755258251
-0.707888479117536
0.754978522150759
-0.659876319686741
0.383971670951287
-0.603209673204775
0.264189822619147
-0.386369897552288
~
-0.369696577969184
-0.41712683048358
-0.370587754352984
-0.43429684851758
-0.628768215597619
-0.706543887765285
0.754725786393813
-0.656879623711983
0.384809047285121
-0.602831218960327
0.263532380390098
-0.384818659492008
~
-0.369494255499173
-0.418837709181225
-0.369742628643344
-0.434634699274111
-0.629430089066407
-0.708632626329494
0.756016176759125
-0.656615681580891
0.382149076528677
-0.597878638753814
0.276510154224514
-0.401168812834178
~
-0.369278436676954
-0.418979210957228
-0.369974158537102
-0.434837137057199
-0.628852023693835
-0.709880125617969
0.759988259749415
-0.655508505133749
0.388098667914912
-0.598474403861039
0.274665197272377
-0.399816984262346
~
-0.369373861897459
-0.419376982257695
-0.369512642883299
-0.432928699894941
-0.629569831955856
-0.709455713689599
0.760409115357746
-0.655151347743561
0.389241912753405
-0.59999022632939
0.270874188784809
-0.394807297846922
~
-0.369153551988655
-0.419363891601562
-0.370585062886042
-0.436107604259908
-0.629271624684913
-0.709402448569746
0.761612699888168
-0.65449273219673
0.39401542703049
-0.599728938931443
0.270110808132459
-0.393553606858686
~
-0.369274386891962
-0.420533442424002
-0.370727364843222
-0.435786431671223
-0.629545201391858
-0.709792133276061
0.758717641423207
-0.653108215084358
0.389569247577124
-0.602011657460069
0.267985256393258
-0.391295948930111
~
----
@Right hand swipe right
-0.615393180710289
1.43110515107654
-0.645550716412238
1.23396382995994
-0.735021150095722
0.607155989674457
0.649336233964837
0.54946744208491
0.568603895732155
1.17303259736139
0.557737218568536
1.37164377283079
~
-0.615524824796492
1.42498117096431
-0.645301272040786
1.22927827980918
-0.734212950612309
0.605534333357239
0.64753396045971
0.544569077316134
0.567313453959714
1.16472007357736
0.558445657030849
1.36193501918129
~
-0.615080964212752
1.44474554093163
-0.647258316535081
1.24685771526284
-0.739073781230243
0.614852883617407
0.668066156391166
0.550816108797595
0.57824472605941
1.17618703951312
0.571560971953822
1.37606343237549
~
-0.617407093104765
1.43721791571784
-0.648643089057075
1.24123369022328
-0.738505646190415
0.612470569630405
0.665305512159937
0.551565666366624
0.573560987114557
1.17301570663559
0.570075530739934
1.37088051250133
~
-0.62122359210099
1.43606735552832
-0.653192627948164
1.24197931917169
-0.72805315924408
0.611234389407244
0.66429726876546
0.552638789953871
0.571209555374471
1.1720130416271
0.569871787751545
1.36785770985323
~
-0.621362241661667
1.42794060488094
-0.652897632602676
1.23592238455559
-0.725457258425274
0.608816359293402
0.662623236346488
0.551118837109421
0.571630666240664
1.1677326089347
0.568228751928142
1.36146684770725
~
-0.625883652833162
1.42506903578591
-0.653470388174008
1.23369705488751
-0.72259062784222
0.608962228730112
0.664967416768422
0.553531713426168
0.579499388145591
1.16859642313078
0.576436250006287
1.36142840272679
~
-0.651418552592457
1.4210429865861
-0.665623030478294
1.22926835826667
-0.718537932616815
0.605523129671518
0.676190177009716
0.559366769663299
0.599446503743027
1.17147905559791
0.607685837377104
1.36290589054434
~
-0.707759855927651
1.41114400699738
-0.711827211577307
1.22063798131525
-0.711201640460319
0.603222796930581
0.70842503404766
0.562473959686945
0.681295517574691
1.1732910564299
0.667527647674913
1.36289773787716
~
-0.782876969870724
1.36225460885996
-0.786508214266415
1.17622666844232
-0.720996080947515
0.580635840186819
0.743810168277844
0.53602730753563
0.797744094789765
1.1278888729836
0.768742365935494
1.31222003461328
~
-0.882338117707475
1.32468951675641
-0.851505117019207
1.14564682098605
-0.772616559384082
0.563380746683129
0.785458966845744
0.513239711297095
0.889012054568104
1.08682727666433
0.913537535113512
1.26602984411603
~
-0.946567373621335
1.18129712435362
-0.937154282897135
1.139828886475
-0.811809036695333
0.571930350028072
0.84559649127988
0.497474808229306
0.988010135107631
1.05159052918092
1.03736087346886
1.22173269586392
~
-1.06392954435108
1.19816526562731
-1.04084515234674
1.10431486065094
-0.865372210827824
0.552230237991257
0.907185295219341
0.456855016970494
1.1114977980323
0.985249348958528
1.1452756070748
1.06685712865673
~
-1.20423666791764
1.19768906007456
-1.16922061861489
1.07656283629816
-0.926704247080912
0.552529137941556
0.956333824259063
0.403269396564217
1.20301180104764
0.906102903571511
1.27814940090337
1.03484692530154
~
-1.36922651610943
1.25271294524437
-1.27321687982578
1.03460655356294
-1.00282464708411
0.526294740657815
1.01615587108364
0.366614231556963
1.31825907993282
0.832244218536216
1.44578820175055
1.02911024266324
~
-1.52458754242666
1.23565699042449
-1.46089830547385
1.07503705122658
-1.05204060424392
0.488547918446307
1.08769368322871
0.330412860385826
1.42458113921819
0.767080279780113
1.5557320781279
0.959584236788923
~
-1.61252715509798
1.04832197185046
-1.49887177619055
0.838938987415356
-1.08995239554118
0.424449145373046
1.12858298406068
0.279149731695125
1.52304672616158
0.659216676355777
1.7253765891293
0.893832901631679
~
-1.78525860381129
0.94906309298364
-1.64365553507262
0.755089582782995
-1.14013353493254
0.326291543358338
1.15018949806925
0.20831503298464
1.5989718367498
0.538164806537955
1.84427147460212
0.760375092885215
~
-1.95420365407947
0.796816938583077
-1.71572486102828
0.594834032869759
-1.14424766675388
0.227323523410239
1.17519908512895
0.133663817781189
1.75762900267835
0.472888183984528
1.90785676717698
0.578091721903123
~
-2.0262049901897
0.630411779814997
-1.74923095771147
0.398844484684316
-1.18394398750781
0.153873419201435
1.18583331381547
0.0451541029546092
1.76143703051244
0.295254951892012
1.96098956904276
0.383555724914873
~
-2.02752539628011
0.368950559917959
-1.89974503808108
0.248062713631719
-1.24352091068176
0.0629605115579546
1.20811445204329
-0.0207863083100822
1.74563399304197
0.089757186644194
2.00386268106349
0.208301489880526
~
-2.03999867651021
0.115121864286412
-1.8072777540447
0.0555484191918107
-1.23431815307996
-0.0338128389304458
1.18702091640691
-0.108297260750586
1.74117719684343
-0.0181334510285705
1.94705938457685
0.02051954787006
~
-2.0303001780955
-0.0231327616879818
-1.78982654135658
-0.0414124889293
-1.20989867587167
-0.106352582127254
1.1622183139703
-0.178368512426869
1.75075403444278
-0.141671175069522
2.02527976564542
-0.106351317146752
~
-2.02663061032045
-0.226127159831047
-1.78433885189389
-0.238715937044022
-1.20159394090893
-0.175367326534152
1.14215151012201
-0.234094987009117
1.7848349506981
-0.260967033811251
1.97775405467179
-0.26726078699104
~
-2.00696107682919
-0.380912858724321
-1.76271570554636
-0.370092765587776
-1.18503877793317
-0.250351910514883
1.13842170275008
-0.282402764174912
1.79572935976926
-0.381464016969233
1.99270675204844
-0.394390574683412
~
-1.97660753078242
-0.530627587021968
-1.73409535232798
-0.490451921947006
-1.16840693115603
-0.307748012158547
1.13165211877103
-0.310885506576804
1.7916705418677
-0.484577547892125
1.99363345507749
-0.505724697742607
~
-1.94995269415648
-0.610005420184267
-1.70425543391707
-0.580396270949257
-1.14711313577396
-0.361336835359143
1.1296731908984
-0.349386840202631
1.78992265724818
-0.553412581930662
1.98316988984071
-0.588811882634024
~
-1.93471831167889
-0.65933598621632
-1.68622713055988
-0.638974672641305
-1.13086779943644
-0.404855265969868
1.12920840403524
-0.378457045727061
1.79722275687647
-0.596936307786447
1.97023538625932
-0.632412155716947
~
-1.92969285523841
-0.714376276137126
-1.67996438921011
-0.675501834527268
-1.12543328891625
-0.426798062055011
1.13623014750617
-0.392484832925844
1.80664365247626
-0.619310726698925
1.97732751604485
-0.653365267880498
~
-1.93436821936221
-0.731975016801973
-1.68312670883941
-0.686767779589282
-1.12307350308884
-0.441246638070876
1.139801030888
-0.399466400425568
1.81132579466522
-0.627799216828197
1.97750119341277
-0.662037997872855
~
-1.9373676574212
-0.740123434812999
-1.68500470858189
-0.694133005289623
-1.12339357494224
-0.445796226682826
1.14150693945561
-0.400763383667191
1.70110287524317
-0.615494766203758
1.93829268358884
-0.663967456747738
~
-1.94404640488821
-0.733521928238401
-1.69055519628425
-0.689236273387099
-1.12455571293417
-0.446040322647641
1.14176752958153
-0.401102120270707
1.75343987649638
-0.622705746573127
1.97539802894841
-0.665512468831413
~
-1.95316285561742
-0.705631541288313
-1.69776737092379
-0.678880830643829
-1.12766469651477
-0.442154181172126
1.1418090171924
-0.401142508201848
1.79023228236437
-0.620385055110441
1.98360068325936
-0.662748290035628
~
----
@Left hand swipe right
-0.779764749644129
-1.17084434032123
-0.739316324586043
-1.01323162160176
-0.967192203886228
-0.487222454226946
0.640062444743089
-0.809669122866673
0.776855326620858
-1.45319068666494
0.781416745956492
-1.68251291904667
~
-0.77015954739528
-1.17096507846421
-0.738306006610138
-1.01245677140348
-0.966347739916959
-0.487534497376241
0.63784724866336
-0.808494956860871
0.772925503776238
-1.4529472202236
0.778319277894746
-1.68222372629376
~
-0.78629055191017
-1.16534264596795
-0.735524441538254
-1.0098845484581
-0.966075366092607
-0.487763953640196
0.636823104763976
-0.808506376856291
0.770732756986723
-1.45370159349576
0.776030538765716
-1.68316516263313
~
-0.815006584662098
-1.15172543310367
-0.733539484368824
-1.00799959639127
-0.965283430504854
-0.487411857310563
0.636191433688925
-0.807668884641142
0.767584647218931
-1.4512521617634
0.773455898698136
-1.68036525370928
~
-0.784352725676865
-1.16539442654551
-0.735940673482083
-1.00860218679411
-0.967654892550133
-0.487555505516641
0.635058705695036
-0.808014121452412
0.770130829457087
-1.45540338916022
0.772653382083429
-1.68405287527838
~
-0.80843118828334
-1.15759047932056
-0.734913098716736
-1.01015220641624
-0.970430750739241
-0.489229035170516
0.637649169214148
-0.809648580252434
0.776686408288796
-1.46340662848003
0.782550422921347
-1.6918070011247
~
-0.732669990986683
-1.18369755624762
-0.735614068411271
-1.01869246920201
-0.975967803359732
-0.49456513780843
0.670664328750523
-0.81029988686154
0.871552462940337
-1.48020388636498
0.883965253725986
-1.70870497725641
~
-0.757534099386656
-1.18633591698012
-0.736169906930962
-1.02311725542491
-0.976292521986623
-0.494608130057261
0.763378597064128
-0.785823592990615
1.04894554633484
-1.42474448171242
1.12871206213907
-1.63320938471027
~
-0.72750339987837
-1.18079958881286
-0.723650937078586
-1.01965010450943
-0.968005046246666
-0.491766086332321
0.906155593697518
-0.694031530743947
1.2565406568423
-1.19106162501651
1.37553703779081
-1.36622196975789
~
-0.700203809452436
-1.18254901492558
-0.721218773121924
-1.02562762661579
-0.957554075048199
-0.491380100490398
0.989390743884832
-0.603170310249753
1.41068562835946
-0.912008646346471
1.66507515447789
-1.10243999925291
~
-0.681564761965772
-1.19169215261094
-0.707926835967511
-1.03668291161726
-0.929063386887587
-0.503816557730619
1.0357486304566
-0.44511447806145
1.51896952908977
-0.57103497685482
1.7368017598432
-0.65098199651833
~
-0.666638486604825
-1.19309557630217
-0.670649604259199
-1.04306046722673
-0.897165649671752
-0.516687391000885
1.11125341993683
-0.283934417573376
1.59242708029991
-0.24625572116621
1.8171098828043
-0.215907221171912
~
-0.618499299960374
-1.22670893989485
-0.655431067535086
-1.07685968256531
-0.854144140871903
-0.53750051411309
1.18341793158061
-0.0936003625583661
1.61650395561005
0.131420543263287
1.80940130334818
0.231340158083645
~
-0.562639317990505
-1.27164073660043
-0.646121791776346
-1.13424770046886
-0.810322498410676
-0.576735787950189
1.22684570699746
0.108920733853152
1.54894506921233
0.48929899906217
1.70149088792575
0.655234986553125
~
-0.558255854415384
-1.33909008883687
-0.648510027735744
-1.20069030369465
-0.781209397473888
-0.617203152340995
1.1804237298623
0.380823256938944
1.4499629652063
0.842280148980611
1.51912443891295
1.03423172267352
~
-0.580249053624546
-1.48154680608014
-0.614928815923999
-1.28587012858823
-0.718968102822357
-0.698840161453941
1.0729750996178
0.543825278741072
1.21140817102395
1.06476556041799
1.25497406701022
1.22093461290678
~
-0.358457564332312
-1.55810169447298
-0.447294310963229
-1.36721475580285
-0.713804550855979
-0.794554009764128
1.02619302913788
0.671989787458545
1.06782130643992
1.26138567511336
1.06237993815642
1.38661122228201
~
-0.409512760157495
-1.61903691569023
-0.588593144927763
-1.4672416893732
-0.656337404919399
-0.849884357999603
0.855285272801547
0.774607807856765
0.780003044899306
1.36599905688104
0.761815164280639
1.54524707721439
~
-0.58017874921396
-1.56257110701704
-0.652735782280847
-1.40502800415768
-0.598541483128423
-0.803653603550335
0.703539400473774
0.831810102629503
0.546328535818524
1.40074754190368
0.496626141263732
1.5133006331471
~
-0.411097361808786
-1.60711789365067
-0.432525850934566
-1.42237068096453
-0.496811400144386
-0.868129042906101
0.584693385413685
0.856836263179126
0.303617766368925
1.33617843408335
0.261492084060481
1.4005679923732
~
-0.283775012311743
-1.58783374888975
-0.3796105822567
-1.45802731205851
-0.47816499719627
-0.887700124769284
0.538128611742067
0.914213930896554
0.199162194657084
1.38259139860372
0.0291212098951691
1.53612168363629
~
-0.433416930921352
-1.60565946276587
-0.440112509718198
-1.41622997973945
-0.46019907486631
-0.847941616281419
0.466965462405675
0.868354248411028
0.0971646212589132
1.32310169226246
-0.0919905314034991
1.45197582979869
~
-0.378984101827057
-1.67451750446139
-0.39137104224179
-1.47846999151947
-0.428531688610713
-0.890327365256079
0.362536732382215
0.94319530890242
-0.152867659578019
1.37316149940098
-0.345426760517154
1.50868826431217
~
-0.178616420865469
-1.50607257523764
-0.181596544375907
-1.3479873947698
-0.364356108347915
-0.835257982961066
0.319725201555078
0.910447221696767
-0.118778073535253
1.24003477222518
-0.296603682387635
1.36034894685276
~
-0.222026800309995
-1.55216795574142
-0.226340947368422
-1.3889589441903
-0.357348568306297
-0.845665061490706
0.307471274155385
0.931337067568366
-0.14105747231186
1.25103935113136
-0.315956530808737
1.28361890928509
~
-0.647779241752324
-1.96083135378631
-0.622388186794732
-1.76619074074693
-0.728859463548105
-1.10698409340627
-0.0108614818774943
0.768086199239496
-0.483176344143681
1.24109532136673
-0.681806011266091
1.30783913583427
~
-0.647029531354176
-1.54407921454938
-0.624218637375001
-1.38924594902776
-0.695636805672448
-0.862550508728941
-0.110291025687461
0.63129019622702
-0.581056678042355
0.89420516513715
-0.767940481078844
0.99205112698085
~
-0.635692772245085
-1.56121273126666
-0.616012310720357
-1.40520073702811
-0.678262697789454
-0.874900345580355
-0.0814548953848439
0.563677706893885
-0.585187525440654
0.895607051836955
-0.77352869623252
0.992497996522136
~
-0.374667201208587
-1.39055493639738
-0.356644094593592
-1.2276302837074
-0.58390471085758
-0.71937171509575
0.00837986595146346
0.829524335191921
-0.490342668061922
1.22226083915783
-0.674301583336422
1.34433553276515
~
-0.213267157735116
-1.47076369782927
-0.200842679950576
-1.30740368059392
-0.386599339355751
-0.784351946311879
0.107819803651767
0.829567566259753
-0.383636256561156
1.23200675584058
-0.566218440916392
1.35694725090009
~
-0.191749447439307
-1.50255444007626
-0.178102323920482
-1.33935620728193
-0.342134209332663
-0.804763937622925
0.133114710116482
0.798216518447072
-0.285887061595715
1.16882562901198
-0.473518645445596
1.28501871725423
~
-0.205351618394172
-1.48310972612556
-0.195687972493475
-1.31959283885995
-0.384935296393262
-0.793965795049091
0.117107187018202
0.825626039468368
-0.375393915201681
1.26366327413253
-0.562205575917611
1.38253558647228
~
-0.183959269364842
-1.47439578452454
-0.185084382293343
-1.3107770224766
-0.399311597184704
-0.794661889873965
0.116096799629188
0.829066237380832
-0.295492362835368
1.20784797200785
-0.479307330447755
1.33051082784829
~
----
@Left hand swipe left
-0.66380602093022
-1.65914052608616
-0.66977652183708
-1.41778163694584
-0.635554577922835
-0.80596792616769
0.633523914406273
-0.808402174089959
0.705032130105141
-1.44252150803286
0.718969580530512
-1.68580035230601
~
-0.663773463285694
-1.65974260754665
-0.670216149674193
-1.41836894027879
-0.63576746363044
-0.806354772144763
0.632752383717323
-0.808439573023134
0.703680306187459
-1.44440695028736
0.718545922316542
-1.68821718889652
~
-0.664021315811267
-1.66110951659331
-0.670914094502278
-1.41958919015634
-0.635845394597764
-0.807237905054322
0.632949830229849
-0.809266489540255
0.703506689700537
-1.44550395188022
0.718536762948009
-1.68960763275203
~
-0.663892494734712
-1.66224160308816
-0.671173927393737
-1.42058751842358
-0.635941841722526
-0.807979588665733
0.633290114132379
-0.809363405983675
0.703153816082632
-1.44678416052397
0.717932309972788
-1.69123544180609
~
-0.664321477792571
-1.66266969905463
-0.672018329230984
-1.42086593233647
-0.63631620624488
-0.808037519487286
0.633381340096174
-0.809679036648516
0.703315889555252
-1.44716802752864
0.717363303507084
-1.69187978902874
~
-0.664330918615439
-1.66259598254597
-0.673127399886882
-1.42076759796453
-0.636758142878348
-0.807833466695217
0.633496352310338
-0.809464540406834
0.703624648791503
-1.44728649101136
0.717512829612693
-1.69214805578294
~
-0.66540396676912
-1.66377404370118
-0.67367793811328
-1.42171246838754
-0.637117105745141
-0.808372262552022
0.63375758183683
-0.811202216230864
0.704255407965456
-1.44843797873581
0.718158713080518
-1.693558251717
~
-0.665878875243379
-1.66486511325201
-0.674424616339463
-1.42261143373077
-0.637116414120135
-0.80885148256049
0.632605008018888
-0.812368904914705
0.705123076767247
-1.44919216886733
0.719018347808436
-1.69466649151177
~
-0.665017177377312
-1.66262671313612
-0.673988419635698
-1.42075569412099
-0.636825770398272
-0.807705816920341
0.626836577480242
-0.80568593121534
0.701204569389281
-1.44207805320503
0.716318089703229
-1.68821475747627
~
-0.66602129395722
-1.6600849163433
-0.673653791392091
-1.41868175340281
-0.636312953024272
-0.806600514413043
0.625900754610176
-0.79863310868455
0.706286093954978
-1.43291897464616
0.714567118507801
-1.66235077504797
~
-0.668125614506192
-1.66541192995674
-0.673570237878533
-1.42349167365753
-0.63615946739886
-0.810043147637819
0.629759439006077
-0.780660899803234
0.741497831740978
-1.31957575857686
0.749177365822306
-1.55208883673749
~
-0.668974864023443
-1.66787161817328
-0.672050303956301
-1.42535465961289
-0.634400923464599
-0.811604826380425
0.640908480354614
-0.691447460602697
0.746826317019241
-1.1591543198246
0.768477877142926
-1.37307253828045
~
-0.671075859500913
-1.66605880701009
-0.673586868765039
-1.42372359867853
-0.632545743785461
-0.810277710064054
0.668178348418893
-0.527873927609098
0.745511859896733
-0.963222630330779
0.754398896603928
-1.13160060397323
~
-0.671279242895056
-1.67714081921794
-0.672003003416606
-1.43515458063919
-0.630449824571077
-0.818345337674795
0.644924359936287
-0.388577672108605
0.728558124016602
-0.683251016896994
0.746200293028699
-0.799576191352638
~
-0.672281423984356
-1.72037176316998
-0.671166220538831
-1.47472205738645
-0.629248803719411
-0.845875454613253
0.626852860969043
-0.283323128428571
0.756589633709037
-0.488623428330241
0.754878400163479
-0.51985524258424
~
-0.675053386322592
-1.75562956091975
-0.673465541110726
-1.50630042580751
-0.629894463532552
-0.867557877348144
0.584815899265918
-0.466680479241417
0.657895616241816
-0.144126127578803
0.748459322026828
-0.288472511731929
~
-0.6771663799642
-1.78098553467784
-0.675087813198729
-1.52812847910109
-0.630879967593247
-0.881153588955645
0.595642890617393
-0.282466198932775
0.67515242241608
0.0244647497557703
0.741471997869974
-0.0777218129710112
~
-0.682751836260513
-1.81375226820757
-0.680511102243285
-1.55550189813248
-0.633590315549632
-0.894967360062232
0.675823222836074
-0.0731043218147484
0.734591872524725
0.104315663956689
0.759948022529518
0.112820498699674
~
-0.690741389588256
-1.82703113572519
-0.686166828863777
-1.56584888634912
-0.637153580618322
-0.898666709031813
0.697446736141676
0.0170041854041452
0.703072729257692
0.219398086952605
0.744088257505051
0.258832268693174
~
-0.698485138423659
-1.83842537771294
-0.692950079635061
-1.57503746745885
-0.642470288390215
-0.902686929791999
0.709532603992642
0.0404551585374811
0.691532447603157
0.279522633185463
0.731809882566972
0.334614973420808
~
-0.701778133261572
-1.84659389590558
-0.696590371086918
-1.58177907065112
-0.644261446076385
-0.90577415665867
0.710210422704175
0.0659865605068864
0.692224410100192
0.319559305736496
0.727742511063122
0.379022837858881
~
-0.704103127320639
-1.8496185803827
-0.698811033060129
-1.58406953765536
-0.645554090766956
-0.906318249506715
0.70530572950996
0.092259286249696
0.692742385801541
0.337820711169395
0.724970686460135
0.3956024426503
~
-0.705265995414696
-1.85262506954734
-0.700086569467136
-1.5872475249044
-0.646822292783068
-0.907662766924171
0.705715982413213
0.0978011530091934
0.694173875581232
0.347270055841957
0.72445121695778
0.404283726847221
~
-0.706797494947349
-1.85624116964978
-0.702033425600808
-1.59021169637789
-0.64854574734424
-0.908849563479408
0.707199907484447
0.107093115707143
0.697252886436923
0.360060326935223
0.72489987045809
0.408520318950676
~
-0.706805461455094
-1.85479472873034
-0.701433609672408
-1.58892789733407
-0.64970688408777
-0.906919722034897
0.7074186569917
0.110770016650191
0.698326800598252
0.363715886764623
0.725562138114147
0.407724529859413
~
-0.706525140196773
-1.85797429220833
-0.702026097976358
-1.59180022857339
-0.649424368122052
-0.909080580840836
0.708817100380184
0.111045913794071
0.699544513207604
0.363692472799089
0.728269209730778
0.40419015858851
~
-0.70710505400579
-1.8586850160528
-0.70254567934195
-1.59218458443865
-0.64998592930446
-0.909192588306315
0.708452185221679
0.111352322978289
0.700447065033473
0.362638213978881
0.732497190484826
0.397375390989397
~
-0.708949591350001
-1.85932190247689
-0.704000383680935
-1.59236679690034
-0.65097752604117
-0.908757562786873
0.710622665309176
0.112172660165253
0.698151515986073
0.364129288928261
0.735026952124459
0.394709510528169
~
-0.711231124875849
-1.86394344947831
-0.706285230239089
-1.59617391239869
-0.652118092518605
-0.911519041060534
0.710376150933876
0.112915509349476
0.699411384294922
0.363542503945726
0.738681613047065
0.391932587624924
~
-0.713810881369418
-1.86671516639673
-0.707659306135082
-1.59835501952191
-0.652082091372823
-0.91326602823725
0.709312984552228
0.11237736207845
0.702325630764133
0.359919230427546
0.74190513400221
0.386966977021208
~
-0.715872949391394
-1.86922275937928
-0.709724575292671
-1.60055315891244
-0.652804532369919
-0.914672448116789
0.708518850084712
0.111768072412747
0.705657364142541
0.361500588154922
0.756657469230119
0.381719007273371
~
-0.717626426022137
-1.87020523438059
-0.711351719318093
-1.60132876763012
-0.65319335272179
-0.915301659784952
0.710771381603315
0.112179928885335
0.702812629579477
0.363872325392038
0.756769103740646
0.379013799956965
~
-0.718145277522651
-1.87054645280392
-0.71191117398466
-1.60161693006176
-0.653222372602874
-0.91542598438271
0.714475995340385
0.0866254193503517
0.703874539283492
0.345778839422612
0.753942893663986
0.380179560546242
~
----